1.974   0.495   1.962   1.712   0 0 1 0
1.960   1.434   1.966   1.725   0 0 0 1
1.945   1.426   1.970   1.739   0 0 0 1
1.930   1.422   1.974   1.754   0 0 0 1
1.914   1.415   1.978   1.769   0 0 0 1
1.897   1.413   1.981   1.785   0 0 0 1
1.881   1.407   1.935   1.802   0 0 0 1
1.865   1.406   1.922   1.819   0 0 0 1
1.848   1.404   1.893   1.836   0 0 0 1
1.831   1.402   1.924   1.853   0 0 0 1
1.815   1.403   1.995   1.870   0 0 0 1
1.798   1.398   1.998   1.887   0 0 0 1
1.781   1.396   1.992   1.907   0 0 0 1
1.764   1.397   1.979   1.924   0 0 0 1
1.748   1.395   1.964   1.938   0 0 0 1
1.732   1.393   1.954   1.953   0 0 0 1
1.647   1.394   1.790   1.968   0 0 0 1
1.631   1.406   1.767   1.981   0 0 0 1
1.628   1.405   1.744   1.994   0 0 0 1
1.612   1.390   1.710   2.008   0 0 0 1
1.596   1.388   1.691   2.021   0 0 0 1
1.557   1.387   1.698   2.034   0 0 0 1
1.559   1.386   1.806   2.047   0 0 0 1
1.581   1.387   1.815   2.064   0 0 0 1
1.332   2.171   1.537   2.166   0 0 0 1
1.323   2.177   1.521   2.150   0 0 0 1
1.312   2.185   1.508   2.161   0 0 0 1
1.300   2.197   1.494   2.627   0 0 0 1
1.284   2.208   1.481   2.647   0 0 0 1
1.274   2.224   1.467   2.247   0 0 0 1
1.261   2.233   1.458   2.264   0 0 0 1
1.251   2.241   1.447   2.307   0 0 0 1
1.242   2.252   1.435   2.322   0 0 0 1
1.226   2.261   1.424   2.331   0 0 0 1
1.213   2.267   1.414   3.253   0 0 0 1
1.070   0.904   2.394   5.000   0 0 0 1
1.052   0.904   1.967   1.279   0 0 0 1
1.036   0.908   2.372   1.574   0 0 0 1
1.018   0.908   2.350   1.602   0 0 0 1
1.001   0.906   2.347   1.627   0 0 0 1
0.983   0.910   2.783   1.631   0 0 0 1
0.967   0.946   2.725   1.302   0 0 0 1
0.954   0.988   2.711   5.000   0 0 0 1
0.938   0.911   2.276   1.391   0 0 0 1
0.922   0.909   2.154   1.815   0 0 0 1
0.907   0.911   2.679   2.356   0 0 0 1
2.051   1.407   1.993   1.630   0 0 0 1
2.040   1.401   1.996   1.642   0 0 0 1
2.028   1.399   1.998   1.654   0 0 0 1
2.015   1.400   2.000   1.667   0 0 0 1
1.687   0.445   2.332   0.429   1 0 0 0
1.687   0.449   2.332   0.429   1 0 0 0
1.687   0.449   2.334   0.429   1 0 0 0
1.687   0.449   2.334   0.429   1 0 0 0
1.687   0.449   2.334   0.429   1 0 0 0
1.686   0.446   2.334   0.430   1 0 0 0
1.684   0.451   2.330   0.432   1 0 0 0
1.680   0.453   2.327   0.436   1 0 0 0
0.908   0.478   1.700   0.473   1 0 0 0
1.270   0.477   1.705   0.473   1 0 0 0
1.639   0.476   1.707   0.470   1 0 0 0
1.638   0.475   1.712   0.465   1 0 0 0
1.637   0.474   1.715   0.465   1 0 0 0
1.636   0.475   1.707   0.470   1 0 0 0
1.635   0.475   1.706   0.468   1 0 0 0
1.635   0.475   1.706   0.468   1 0 0 0
1.635   0.475   1.709   0.468   1 0 0 0
1.635   0.475   1.709   0.468   1 0 0 0
1.633   0.475   1.707   0.469   1 0 0 0
1.629   0.474   1.708   0.471   1 0 0 0
1.624   0.473   1.704   0.474   1 0 0 0
1.618   0.473   1.695   0.478   1 0 0 0
1.611   0.473   2.596   0.483   1 0 0 0
1.609   0.472   2.589   0.488   1 0 0 0
1.603   0.471   1.682   0.494   1 0 0 0
0.576   0.471   1.670   0.500   0 1 0 0
1.581   0.471   1.662   0.506   1 0 0 0
1.572   0.471   1.654   0.513   1 0 0 0
1.562   0.470   1.646   0.523   1 0 0 0
1.553   0.470   1.637   0.530   1 0 0 0
1.179   0.470   1.631   0.534   1 0 0 0
1.167   0.470   2.541   0.545   1 0 0 0
1.159   0.471   2.535   0.552   1 0 0 0
1.151   0.471   2.529   0.582   1 0 0 0
1.143   0.471   2.526   0.582   1 0 0 0
1.136   0.471   2.523   0.578   1 0 0 0
1.128   0.472   2.518   0.588   1 0 0 0
1.477   0.472   2.508   0.585   1 0 0 0
1.129   0.473   2.502   0.589   1 0 0 0
1.457   0.473   2.502   0.597   1 0 0 0
1.448   0.474   2.901   0.605   1 0 0 0
1.438   0.475   2.895   0.613   1 0 0 0
1.428   0.486   2.890   0.617   1 0 0 0
1.418   0.485   2.885   0.629   1 0 0 0
1.409   0.486   2.879   0.575   1 0 0 0
1.399   0.485   2.876   0.578   1 0 0 0
1.390   0.486   2.871   0.650   1 0 0 0
1.380   0.487   2.862   0.658   1 0 0 0
1.370   0.489   2.857   0.666   1 0 0 0
1.361   0.491   2.852   0.674   1 0 0 0
1.354   0.494   2.849   0.683   1 0 0 0
0.898   0.638   2.524   1.137   0 1 0 0
0.881   0.645   2.511   1.155   0 1 0 0
0.864   0.652   2.499   1.172   0 1 0 0
0.847   0.658   2.487   1.193   0 1 0 0
0.830   0.660   2.475   1.211   0 1 0 0
0.815   0.662   2.464   1.226   0 1 0 0
0.801   0.667   2.454   1.241   0 1 0 0
0.792   0.670   2.450   1.249   0 1 0 0
0.792   0.665   2.452   1.248   0 1 0 0
0.795   0.666   2.469   1.241   0 1 0 0
0.796   0.665   2.491   1.239   0 1 0 0
0.796   0.665   2.495   1.239   0 1 0 0
0.796   0.665   2.484   1.240   0 1 0 0
0.799   0.664   2.478   1.239   0 1 0 0
0.799   0.664   2.463   1.239   0 1 0 0
0.798   0.664   2.467   1.239   0 1 0 0
0.799   0.664   2.464   1.239   0 1 0 0
0.798   0.663   2.469   1.242   0 1 0 0
0.797   0.666   2.741   0.719   0 1 0 0
0.792   0.671   1.354   0.717   0 1 0 0
0.791   0.684   1.353   0.714   0 1 0 0
0.790   0.674   1.353   0.733   0 1 0 0
0.789   0.660   2.749   0.732   0 1 0 0
0.788   0.660   2.747   0.805   0 1 0 0
0.787   0.659   2.749   0.696   0 1 0 0
0.786   0.661   2.748   0.689   0 1 0 0
0.785   0.665   1.353   0.766   0 1 0 0
0.788   0.717   1.346   0.740   0 1 0 0
0.787   0.833   1.346   0.677   0 1 0 0
0.790   0.779   1.345   0.670   0 1 0 0
0.814   0.668   1.342   0.667   0 1 0 0
0.807   0.809   1.342   0.661   0 1 0 0
0.786   0.805   1.340   0.659   0 1 0 0
0.785   0.804   1.347   0.647   0 1 0 0
0.787   0.854   1.303   0.647   0 1 0 0
0.791   0.800   1.353   0.646   0 1 0 0
0.794   0.786   1.347   0.639   0 1 0 0
0.814   0.780   1.345   0.636   0 1 0 0
0.880   0.776   1.346   0.632   0 1 0 0
0.753   0.457   2.323   0.442   0 1 0 0
0.744   0.462   2.321   0.449   0 1 0 0
0.735   0.467   2.315   0.457   0 1 0 0
0.729   0.469   2.310   0.465   0 1 0 0
0.723   0.477   2.303   0.472   0 1 0 0
0.757   0.480   2.304   0.476   0 1 0 0
0.760   0.483   2.306   0.476   0 1 0 0
0.757   0.482   2.307   0.474   0 1 0 0
0.761   0.482   1.700   0.473   0 1 0 0
0.762   0.482   1.697   0.473   0 1 0 0
0.765   0.482   1.697   0.473   0 1 0 0
0.812   0.481   1.702   0.473   0 1 0 0
0.814   0.480   1.700   0.473   0 1 0 0
0.811   0.479   1.698   0.473   0 1 0 0
1.421   0.497   1.428   0.828   0 0 1 0
1.421   0.500   1.426   0.840   0 0 1 0
1.414   0.504   1.506   0.849   0 0 1 0
1.404   0.507   1.429   1.289   0 0 1 0
1.393   0.511   1.421   1.297   0 0 1 0
1.381   0.515   1.420   1.312   0 0 1 0
1.368   0.520   1.472   1.326   0 0 1 0
1.353   0.526   1.579   0.903   0 0 1 0
1.309   0.531   1.581   1.291   0 0 1 0
1.293   0.538   1.415   0.934   0 0 1 0
1.273   0.545   1.608   0.935   0 0 1 0
1.287   0.551   1.507   0.955   0 0 1 0
1.269   0.559   1.503   0.976   0 0 1 0
1.220   0.566   1.625   1.007   0 0 1 0
1.202   0.574   1.622   1.025   0 0 1 0
1.183   0.581   1.577   1.482   0 0 1 0
1.165   0.589   1.526   1.502   0 0 1 0
1.143   0.597   1.560   1.525   0 0 1 0
1.128   0.604   1.527   1.544   0 0 1 0
1.106   0.612   1.535   0.951   0 0 1 0
1.090   0.619   1.544   0.976   0 0 1 0
1.068   0.627   1.557   0.997   0 0 1 0
1.049   0.635   1.766   1.622   0 0 1 0
1.030   0.642   1.786   1.642   0 0 1 0
1.012   0.650   1.884   1.567   0 0 1 0
0.994   0.657   1.611   1.575   0 0 1 0
0.975   0.664   2.005   1.602   0 0 1 0
0.957   0.672   1.655   1.545   0 0 1 0
0.942   0.679   2.099   1.645   0 0 1 0
1.173   0.686   3.014   1.585   0 0 1 0
1.160   0.695   3.007   1.685   0 0 1 0
1.148   0.702   2.195   1.621   0 0 1 0
1.139   0.707   2.198   1.824   0 0 1 0
1.128   0.702   2.294   1.571   0 0 1 0
1.126   0.704   2.274   1.594   0 0 1 0
1.473   0.710   2.283   1.269   0 0 1 0
1.454   0.713   2.286   1.287   0 0 1 0
1.434   0.719   2.956   1.734   0 0 1 0
1.412   0.726   2.949   1.732   0 0 1 0
1.063   0.733   2.192   1.751   0 0 1 0
1.050   0.741   2.308   1.749   0 0 1 0
1.040   0.748   2.928   1.765   0 0 1 0
1.030   0.756   2.303   1.273   0 0 1 0
1.021   0.763   2.318   1.291   0 0 1 0
1.011   0.771   2.323   1.827   0 0 1 0
0.983   0.780   2.373   1.701   0 0 1 0
0.984   0.780   2.372   1.700   0 0 1 0
0.983   0.780   2.378   1.602   0 0 1 0
0.983   0.780   2.381   1.701   0 0 1 0
0.981   0.780   2.387   1.703   0 0 1 0
