0.08760 0.09910 0.72082 0.72653 1.00000 0.58360 1.00000 0.47020 0.46640 0.52628 0.33831 0.33740 0.33960 0.34340 0.34880 0.11860 0.10040 0.09860 0.10080 0.08900 0.08620 0.08880 0.08800 0.08580 1.00000 0.00000 0.00000 0.00000
0.08760 0.09910 0.72082 0.72713 1.00000 0.58360 1.00000 0.52740 0.46640 0.52748 0.33772 0.33740 0.33900 0.34400 0.34880 0.11840 0.10040 0.09860 0.10080 0.08980 0.08620 0.08880 0.08860 0.08580 1.00000 0.00000 0.00000 0.00000
0.08760 0.09910 0.72082 0.72334 1.00000 0.58360 1.00000 0.52740 0.46680 0.52628 0.33792 0.33740 0.33900 0.34340 0.34880 0.11860 0.10040 0.09860 0.10080 0.08980 0.08620 0.08880 0.08920 0.08580 1.00000 0.00000 0.00000 0.00000
0.08740 0.09970 0.72082 0.72274 1.00000 0.58360 1.00000 0.47060 0.46680 0.52609 0.34469 0.33740 0.33900 0.34340 0.34880 0.11860 0.10040 0.09860 0.10080 0.08980 0.08620 0.08880 0.08880 0.08580 1.00000 0.00000 0.00000 0.00000
0.08760 0.09910 0.72102 0.72334 1.00000 0.58360 1.00000 0.52800 0.46680 0.52549 0.33792 0.33740 0.33900 0.34340 0.34880 0.11840 0.10040 0.09860 0.10080 0.08980 0.08620 0.08880 0.08820 0.08580 1.00000 0.00000 0.00000 0.00000
0.08780 0.09910 0.72102 0.72334 1.00000 0.58360 1.00000 0.52660 0.46680 0.52668 0.33971 0.33720 0.33880 0.34380 0.34880 0.11780 0.10040 0.09860 0.10080 0.08920 0.08620 0.08880 0.08880 0.08600 1.00000 0.00000 0.00000 0.00000
0.08800 0.99502 0.72122 0.72314 1.00000 0.58380 0.60560 0.46920 0.46600 0.52529 0.34409 0.33680 0.33840 0.34280 0.34900 0.11760 0.10020 0.09840 0.10080 0.09020 0.08660 0.08920 0.08880 0.08640 1.00000 0.00000 0.00000 0.00000
0.08880 0.99920 0.72201 0.72434 1.00000 0.58380 1.00000 0.52520 0.46540 0.52529 0.33831 0.33600 0.33760 0.34180 0.34800 0.11900 0.10000 0.09820 0.10060 0.09060 0.08720 0.08960 0.08880 0.08720 1.00000 0.00000 0.00000 0.00000
0.09580 0.99502 0.99821 0.72992 0.58900 0.58620 0.58840 0.59940 0.34000 0.46057 0.32955 0.32840 0.32880 0.25400 0.18160 0.12320 0.09800 0.09560 0.09780 0.10060 0.09200 0.09200 0.09560 0.09460 1.00000 0.00000 0.00000 0.00000
0.09620 0.10109 0.99841 0.72952 0.59080 0.58720 0.58920 0.59320 0.34100 0.46057 0.32955 0.32860 0.32860 0.25400 0.33780 0.13560 0.09860 0.09540 0.09660 0.09940 0.09340 0.09180 0.09520 0.09460 1.00000 0.00000 0.00000 0.00000
0.09720 0.10149 0.10380 0.72992 0.59160 0.58760 0.58780 0.52540 0.34140 0.46077 0.33054 0.32860 0.32780 0.33300 0.34040 0.13920 0.10320 0.09520 0.09540 0.10940 0.09300 0.09140 0.09400 0.09480 1.00000 0.00000 0.00000 0.00000
0.09580 0.10368 0.10340 0.73012 0.59080 0.58760 0.58820 0.59140 0.34240 0.46077 0.33074 0.32860 0.32760 0.33200 0.35160 0.13760 0.10680 0.09500 0.09500 0.09780 0.09220 0.09120 0.09300 0.09480 1.00000 0.00000 0.00000 0.00000
0.09600 0.11025 0.10360 0.73032 0.59080 0.58760 0.58820 0.52640 0.34300 0.46057 0.33074 0.32860 0.32740 0.33120 0.35220 0.13740 0.11060 0.09500 0.09480 0.11160 0.09240 0.09060 0.09300 0.09520 1.00000 0.00000 0.00000 0.00000
0.09620 0.10169 0.99881 0.73052 0.59080 0.58740 0.58820 0.52540 0.34140 0.46037 0.33074 0.32820 0.32720 0.33100 0.35120 0.13740 0.10900 0.09500 0.09500 0.10080 0.09260 0.09160 0.09400 0.09540 1.00000 0.00000 0.00000 0.00000
0.09640 0.10507 0.10420 0.73052 0.59060 0.58740 0.58800 0.52580 0.34120 0.46037 0.33015 0.32800 0.32700 0.33080 0.35120 0.11320 0.10980 0.09500 0.09520 0.10100 0.09280 0.09180 0.09360 0.09540 1.00000 0.00000 0.00000 0.00000
0.09640 0.10527 0.10360 0.73052 0.59120 0.58800 0.58800 0.52540 0.34120 0.46037 0.32995 0.32800 0.32700 0.33080 0.35120 0.11320 0.11120 0.09500 0.09520 0.10040 0.09260 0.09180 0.09360 0.09540 1.00000 0.00000 0.00000 0.00000
0.09640 0.10448 0.10420 0.73052 0.59060 0.58800 0.58800 0.52600 0.34180 0.46018 0.33074 0.32800 0.32700 0.33080 0.35120 0.11260 0.10840 0.09500 0.09520 0.09760 0.09280 0.09180 0.09360 0.09560 1.00000 0.00000 0.00000 0.00000
0.09640 0.10189 0.10420 0.73052 0.59060 0.58800 0.58800 0.52580 0.34180 0.46018 0.33074 0.32800 0.32700 0.33080 0.35100 0.11260 0.10900 0.09500 0.09500 0.09700 0.09280 0.09180 0.09360 0.09560 1.00000 0.00000 0.00000 0.00000
0.09680 0.10229 0.10439 0.73091 0.59080 0.58760 0.58820 0.59140 0.34140 0.45998 0.33034 0.32760 0.32660 0.33040 0.35060 0.13640 0.10700 0.09500 0.09500 0.10880 0.09300 0.09140 0.09380 0.09660 1.00000 0.00000 0.00000 0.00000
0.09740 0.10607 0.10439 0.73131 0.59100 0.58820 0.58760 0.59160 0.34160 0.45938 0.32915 0.32700 0.32580 0.32960 0.34980 0.10700 0.10820 0.09480 0.09480 0.10500 0.09360 0.09180 0.09420 0.09660 1.00000 0.00000 0.00000 0.00000
0.09840 0.10687 0.10579 0.73211 0.59120 0.58840 0.58840 0.69440 0.34080 0.45878 0.32815 0.32600 0.32480 0.32920 0.34880 0.10520 0.10900 0.09480 0.09460 0.09720 0.09420 0.09240 0.09480 0.09760 1.00000 0.00000 0.00000 0.00000
0.09880 0.10726 0.10698 0.73291 0.59120 0.58840 0.58780 0.61060 0.33900 0.45759 0.32775 0.32480 0.32360 0.32780 0.35600 0.10520 0.10600 0.09480 0.09460 0.10840 0.09520 0.09340 0.09560 0.09960 1.00000 0.00000 0.00000 0.00000
0.10020 0.10726 0.99901 0.73371 0.59200 0.58860 0.58840 0.74760 0.51920 0.45679 0.32576 0.32340 0.32220 0.32700 0.34560 0.10460 0.10820 0.09480 0.09460 0.09900 0.09620 0.09440 0.09660 0.10100 1.00000 0.00000 0.00000 0.00000
0.10180 0.10866 0.99980 0.73490 1.00000 0.58880 0.58840 0.59260 0.51780 0.45520 0.32556 0.32200 0.32180 0.32420 0.33240 0.10520 0.10820 0.09540 0.09440 0.09760 0.09740 0.09540 0.09760 0.10260 1.00000 0.00000 0.00000 0.00000
0.10340 0.11025 0.99920 0.73650 0.59380 0.58900 0.58860 0.59720 0.33640 0.45400 0.32536 0.32080 0.32060 0.32220 0.32920 0.10480 0.11060 0.09740 0.09420 0.09660 0.09860 0.09660 0.09880 0.10500 1.00000 0.00000 0.00000 0.00000
0.10700 0.11303 0.13323 0.73889 1.00000 0.58980 0.58860 0.51760 0.33240 0.45121 0.99621 0.31720 0.31620 0.31840 0.32400 0.13980 0.10840 0.09520 0.09420 0.09640 0.10000 0.09940 0.10120 0.10800 1.00000 0.00000 0.00000 0.00000
0.10880 0.11124 1.00000 0.73988 1.00000 0.58960 0.58860 0.51640 0.33080 0.32816 0.99621 0.31600 0.31440 0.31580 0.32140 0.10500 0.11440 0.09520 0.09420 0.09640 0.10280 0.10080 0.10260 0.11060 1.00000 0.00000 0.00000 0.00000
0.11060 0.11244 0.99940 0.74108 1.00000 0.58960 0.58860 0.51540 0.32920 0.32656 0.99621 0.31420 0.31240 0.31400 0.31940 0.10520 0.11840 0.09520 0.09400 0.09640 0.10420 0.10220 0.10460 0.11340 1.00000 0.00000 0.00000 0.00000
0.11240 0.11423 0.99940 0.74307 0.75140 0.58980 0.58860 0.33220 0.32740 0.32477 0.99621 0.31220 0.31060 0.31200 0.31740 0.14020 0.11160 0.09520 0.09400 0.09620 0.10580 0.10360 0.10600 0.11460 1.00000 0.00000 0.00000 0.00000
0.11440 0.11602 0.99881 0.74367 0.75540 0.59060 0.58860 0.59200 0.32620 0.32358 0.99621 0.31080 0.30840 0.31060 0.23580 0.13780 0.11600 0.09540 0.09400 0.09620 0.10740 0.10500 0.10680 0.11620 1.00000 0.00000 0.00000 0.00000
0.11640 0.11801 1.00000 0.74547 0.75720 0.59120 0.58860 0.59060 0.50820 0.44425 0.31042 0.30820 0.30640 0.30840 0.23340 0.14840 0.11460 0.09540 0.09400 0.09620 0.10960 0.10720 0.10900 0.11800 1.00000 0.00000 0.00000 0.00000
0.11820 0.11920 0.99423 0.59856 0.75820 0.59200 0.58860 0.59180 0.50700 0.44285 0.30922 0.30620 0.30440 0.30580 0.23180 0.14580 0.10600 0.09540 0.09420 0.09600 0.11120 0.10820 0.11040 0.12000 1.00000 0.00000 0.00000 0.00000
0.12000 0.12100 0.99980 0.59817 0.75380 0.59340 0.58860 0.59060 0.50580 0.44146 0.99621 0.30460 0.30260 0.30380 0.23020 0.14600 0.11400 0.09540 0.09420 0.09620 0.11520 0.11020 0.11640 0.12180 1.00000 0.00000 0.00000 0.00000
0.12080 0.12338 0.99980 0.59817 0.75300 1.00000 0.58860 0.59040 0.50520 0.44026 0.30524 0.30220 0.30080 0.30200 0.22860 0.16340 0.11280 0.09560 0.09420 0.09620 0.11900 0.11160 0.11640 0.12380 1.00000 0.00000 0.00000 0.00000
0.12140 0.12498 0.99423 0.59757 0.75400 1.00000 0.58840 0.59080 0.50460 0.43887 0.30365 0.30040 0.29900 0.30020 0.22720 0.32420 0.11520 0.09560 0.09420 0.09620 0.12180 0.11320 0.11560 0.12560 1.00000 0.00000 0.00000 0.00000
0.12340 0.12617 0.99423 0.75164 0.75440 1.00000 0.58840 0.59140 0.50360 0.31342 0.30185 0.29860 0.29720 0.29820 0.22560 0.32320 0.11680 0.09560 0.09440 0.09620 0.10140 0.11460 0.11760 0.12740 1.00000 0.00000 0.00000 0.00000
0.12460 0.12796 0.99423 0.75284 0.75480 1.00000 0.58840 0.73460 0.50160 0.31103 0.30066 0.29680 0.29540 0.29640 0.31780 0.32140 0.11560 0.09580 0.09440 0.09620 1.00000 0.11680 0.11700 0.12940 1.00000 0.00000 0.00000 0.00000
0.12540 0.12975 0.99423 0.75463 0.75580 1.00000 0.58820 1.00000 0.50040 0.30944 0.29847 0.29500 0.29340 0.29440 0.22580 0.15080 0.11660 0.09600 0.09460 0.09620 0.10000 0.11840 0.11780 0.13120 1.00000 0.00000 0.00000 0.00000
0.12600 0.13234 0.99423 0.76340 0.75760 0.59220 0.58820 1.00000 0.50040 0.43329 0.29667 0.29320 0.29140 0.29180 0.31440 0.14960 0.11980 0.09840 0.09460 0.09640 0.10000 0.12000 0.11940 0.13260 1.00000 0.00000 0.00000 0.00000
0.12880 0.13413 0.99423 1.00000 0.75800 1.00000 0.58800 1.00000 0.58020 0.43230 0.29548 0.29120 0.28960 0.29040 0.31260 0.31480 0.11780 0.09800 0.09480 0.09640 0.10000 0.12320 0.12100 0.13480 1.00000 0.00000 0.00000 0.00000
0.13400 0.13612 0.99423 0.99980 0.75900 0.59080 0.58780 1.00000 0.57900 0.43090 0.29408 0.28940 0.28760 0.28780 0.31080 0.31420 0.12540 0.09820 0.09500 0.09660 0.10020 0.15020 0.12260 0.12720 1.00000 0.00000 0.00000 0.00000
0.13780 0.13731 0.14377 0.99980 0.76680 0.59140 0.58840 1.00000 0.57800 0.42931 1.00000 0.28800 0.28560 0.28580 0.30900 0.31240 0.12600 0.09860 0.09740 0.09720 0.10080 0.12500 0.12340 0.12800 1.00000 0.00000 0.00000 0.00000
0.13980 0.14010 0.99423 0.99960 0.76180 1.00000 0.58840 1.00000 0.57700 0.42792 0.29129 0.28620 0.28360 0.28380 0.29440 0.31040 0.12840 0.09880 0.09700 0.09740 0.13060 0.15460 0.12580 0.13020 1.00000 0.00000 0.00000 0.00000
0.14120 0.14408 0.50626 0.99920 0.76200 1.00000 0.58820 0.59260 0.57580 0.42632 0.99980 0.28420 0.28240 0.28180 0.28740 0.30800 0.12640 0.09900 0.09720 0.09740 0.10040 1.00000 0.11500 0.13040 1.00000 0.00000 0.00000 0.00000
0.14320 0.14607 0.99423 0.99900 0.76240 1.00000 0.58860 0.57960 0.57520 0.42672 0.99960 0.28240 0.27980 0.28000 0.28340 0.30680 0.12620 0.09920 0.09740 0.09700 0.10040 1.00000 0.11560 0.13080 1.00000 0.00000 0.00000 0.00000
0.14580 0.14448 0.99423 0.99900 0.76400 1.00000 1.00000 0.58940 0.57420 0.42393 1.00000 0.28120 0.27800 0.27860 0.28220 0.30460 0.12780 0.10020 0.09760 0.09720 1.00000 0.13220 0.13000 0.13240 1.00000 0.00000 0.00000 0.00000
0.14700 0.14647 0.15649 0.99860 0.76440 1.00000 0.58820 0.58780 0.57240 0.42254 0.42359 0.27940 0.27600 0.27660 0.28080 0.28460 0.13260 0.10040 0.09800 0.09740 0.13720 0.13400 0.13160 0.13380 1.00000 0.00000 0.00000 0.00000
0.14880 0.14945 0.99423 0.99920 0.76520 1.00000 0.58820 0.58680 0.57140 0.42115 0.42140 0.27760 0.27480 0.27400 0.27880 0.28260 0.13180 0.10080 0.09820 0.09780 0.14000 0.13560 0.13320 0.13540 1.00000 0.00000 0.00000 0.00000
0.15140 0.14985 0.99423 0.99880 0.76600 1.00000 0.58780 0.58640 0.57040 0.42015 0.41921 0.27600 0.27300 0.27220 0.27680 0.28180 0.13300 0.10120 0.09920 0.09820 0.10280 0.13800 0.13480 0.13700 1.00000 0.00000 0.00000 0.00000
0.14380 0.15244 0.16166 0.99860 0.76700 1.00000 0.58820 0.58600 0.56980 0.48088 0.41801 0.27480 0.27120 0.27080 0.27400 0.28120 0.10820 0.10840 0.09960 0.09880 0.10160 0.13920 0.13660 0.13860 1.00000 0.00000 0.00000 0.00000
0.09020 1.00000 0.72281 0.72533 1.00000 0.58400 0.60540 0.52400 0.46460 0.52409 0.33991 0.33460 0.33620 0.34060 0.15060 0.11900 0.09980 0.09820 0.10040 0.09140 0.08800 0.09060 0.09080 0.08840 0.00000 1.00000 0.00000 0.00000
0.09160 0.99940 0.72380 0.72633 1.00000 0.58440 1.00000 0.46920 0.46420 0.52330 0.33632 0.33320 0.33480 0.33920 0.14880 0.11800 0.09920 0.09800 0.09960 0.09240 0.08880 0.09160 0.09220 0.08980 0.00000 1.00000 0.00000 0.00000
0.09300 0.10448 0.72500 0.73151 1.00000 0.58460 1.00000 0.52220 0.46300 0.52389 0.33353 0.33160 0.33320 0.33760 0.14700 0.11860 0.09900 0.09760 0.09940 0.09340 0.08980 0.09240 0.09380 0.09140 0.00000 1.00000 0.00000 0.00000
0.09460 0.10607 0.72619 0.73271 1.00000 0.58500 1.00000 0.52140 0.46200 0.52230 0.33254 0.33020 0.33180 0.33680 0.14580 0.11560 0.09920 0.09740 0.09960 0.09380 0.09080 0.09340 0.09520 0.09300 0.00000 1.00000 0.00000 0.00000
0.09620 0.10826 0.72738 0.73311 1.00000 0.58520 1.00000 0.52120 0.46060 0.52151 0.33234 0.32860 0.33020 0.25500 0.14460 0.11620 0.09900 0.09720 0.09940 0.09540 0.09180 0.09440 0.09680 0.09440 0.00000 1.00000 0.00000 0.00000
0.09680 0.10826 0.72798 0.73052 1.00000 0.58560 1.00000 0.46420 0.46080 1.00000 0.32815 0.32780 0.32920 0.25400 0.15140 0.12460 0.09860 0.09680 0.09900 0.09600 0.09220 0.09480 0.09700 0.09520 0.00000 1.00000 0.00000 0.00000
0.09680 0.10587 0.72957 0.72992 0.58900 0.58520 1.00000 0.46520 0.46120 0.52170 0.32835 0.32780 0.32920 0.25400 0.15200 0.10660 0.09860 0.09660 0.09880 0.10140 0.09220 0.09460 0.09720 0.09520 0.00000 1.00000 0.00000 0.00000
0.09640 0.10348 0.73275 0.73032 0.59040 0.58540 1.00000 0.59620 0.46140 0.46376 0.32875 0.32800 0.32880 0.25360 0.15140 0.10660 0.09840 0.09640 0.09840 0.10260 0.09180 0.09480 0.09700 0.09480 0.00000 1.00000 0.00000 0.00000
0.09620 0.10388 0.73215 0.72972 0.59100 0.58540 0.59140 0.59680 0.34000 0.52210 0.32895 0.32820 0.32900 0.25440 0.15220 0.10600 0.09840 0.09640 0.09840 0.10260 0.09240 0.09720 0.09660 0.09460 0.00000 1.00000 0.00000 0.00000
0.09600 0.10448 0.73454 0.73032 0.58960 0.58520 0.59000 0.59900 0.33940 0.52151 0.32895 0.32840 0.32920 0.25380 0.15240 0.10600 0.09860 0.09640 0.09840 0.10320 0.09240 0.09720 0.09660 0.09460 0.00000 1.00000 0.00000 0.00000
0.09620 0.10249 0.99781 0.73032 0.59120 0.58540 0.58940 0.59860 0.33940 0.52210 0.32895 0.32820 0.32900 0.25380 0.15300 0.11840 0.09780 0.09640 0.09900 0.10620 0.09240 0.09980 0.09660 0.09460 0.00000 1.00000 0.00000 0.00000
0.09580 0.99502 0.73494 0.72972 0.59060 0.58540 0.58880 0.59860 0.34040 0.52210 0.32855 0.32840 0.32900 0.25380 0.16240 0.11760 0.09780 0.09620 0.09820 0.10200 0.09240 0.09620 0.09660 0.09460 0.00000 1.00000 0.00000 0.00000
0.09600 0.10070 0.99801 0.73052 0.58820 0.58580 0.58900 0.59620 0.34000 0.52091 0.32915 0.32840 0.32900 0.25420 0.16280 0.12860 0.09820 0.09600 0.09860 0.10480 0.09220 0.09380 0.09680 0.09460 0.00000 1.00000 0.00000 0.00000
0.09580 0.99502 0.99801 0.72972 0.58860 0.58600 0.58840 0.59920 0.33960 0.46037 0.32935 0.32840 0.32880 0.25480 0.16220 0.12340 0.09820 0.09580 0.09820 0.11500 0.09220 0.09300 0.09680 0.09460 0.00000 1.00000 0.00000 0.00000
0.24380 0.24119 0.24558 0.93024 0.80480 1.00000 1.00000 0.55280 0.50480 0.40562 0.33433 0.18640 0.18180 0.17960 0.18200 0.18580 0.23640 0.13360 0.12960 0.12760 0.12960 1.00000 0.22820 0.22740 0.00000 1.00000 0.00000 0.00000
0.24720 0.24458 0.24697 0.92964 0.80680 1.00000 0.55660 0.55140 0.50220 0.33294 0.33114 0.18300 0.17840 0.17620 0.17880 0.18240 0.18800 0.13480 0.13100 0.12900 0.13120 1.00000 0.23160 0.23100 0.00000 1.00000 0.00000 0.00000
0.24260 0.24796 0.25273 0.93004 0.81500 1.00000 0.55520 0.55000 0.49980 0.32855 0.32756 0.17960 0.17500 0.17280 0.17480 0.17860 0.23300 0.16560 0.13220 0.13040 0.13240 1.00000 0.23520 0.23440 0.00000 1.00000 0.00000 0.00000
0.24540 0.25134 0.25353 0.93044 0.81960 1.00000 0.55380 0.54860 0.49740 0.32537 0.32417 0.17620 0.17160 0.16940 0.17140 0.17520 0.18120 0.16460 0.13420 0.13160 0.13380 0.16580 0.23940 0.23860 0.00000 1.00000 0.00000 0.00000
0.25660 0.25393 0.25572 0.93084 0.81720 1.00000 0.55380 0.54780 0.49500 0.32218 0.32118 0.17280 0.16820 0.16600 0.16800 0.17180 0.17720 0.16400 0.13360 0.13200 0.13500 0.16200 0.24340 0.24220 0.00000 1.00000 0.00000 0.00000
0.25200 0.25771 0.43905 0.93183 0.81860 1.00000 1.00000 0.54660 0.49280 0.31880 0.31899 0.17040 0.16520 0.16300 0.16480 0.16920 0.17400 0.13840 0.13440 0.13240 0.13540 0.16440 0.24660 0.24520 0.00000 1.00000 0.00000 0.00000
0.25200 0.26050 0.47544 0.93263 0.81840 1.00000 1.00000 0.54540 0.49080 0.31621 0.31660 0.16720 0.16240 0.16020 0.16200 0.16640 0.17200 0.13960 0.13480 0.13340 0.13720 1.00000 0.25020 0.24820 0.00000 1.00000 0.00000 0.00000
0.25280 0.26149 0.26307 0.93303 0.82080 1.00000 1.00000 0.54500 0.49000 0.31541 0.31500 0.16500 0.16080 0.15840 0.16020 0.17960 0.16920 0.14040 0.13560 0.13400 0.13820 1.00000 1.00000 0.24980 0.00000 1.00000 0.00000 0.00000
0.25200 0.25771 0.26049 0.99661 0.97700 1.00000 1.00000 0.54540 0.49040 0.39168 0.31500 0.16520 0.16080 0.15840 0.16120 0.17860 0.22560 0.14160 0.13600 0.13300 0.13840 0.16840 1.00000 0.24960 0.00000 1.00000 0.00000 0.00000
0.25040 0.25393 0.25870 0.26789 0.81980 1.00000 1.00000 0.54600 0.49380 0.48865 0.31560 0.16660 0.16220 0.15900 0.17320 0.17600 0.22580 0.22660 0.13640 0.13320 0.13980 0.15720 1.00000 0.24820 0.00000 1.00000 0.00000 0.00000
0.25000 0.25353 0.25830 0.26749 0.81980 1.00000 1.00000 0.54620 0.49820 0.48905 0.31520 0.16740 0.16240 0.15920 0.16220 0.17620 0.22580 0.17560 0.13600 0.13300 0.13940 0.15620 1.00000 0.24780 0.00000 1.00000 0.00000 0.00000
0.25000 0.25353 0.25890 0.26610 0.97940 1.00000 1.00000 0.54620 0.49900 0.39267 0.31520 0.16700 0.16240 0.15920 0.16080 0.17680 0.22580 0.22640 0.13620 0.13300 0.13820 0.15700 1.00000 0.24780 0.00000 1.00000 0.00000 0.00000
0.25000 0.25353 0.25830 0.26629 0.97860 1.00000 1.00000 0.54620 0.49680 0.39327 0.31520 0.16740 0.16300 0.15920 0.16140 0.17660 0.22580 0.22640 0.13680 0.13300 0.13940 0.15700 1.00000 0.24800 0.00000 1.00000 0.00000 0.00000
0.25000 0.25333 0.25870 0.26570 0.97820 1.00000 1.00000 0.54640 0.49560 0.48845 0.31520 0.16800 0.16300 0.15980 0.16060 0.17880 0.22560 0.17640 0.13740 0.13280 0.13880 0.15420 1.00000 0.24780 0.00000 1.00000 0.00000 0.00000
0.25000 0.25313 0.26208 0.26550 0.97960 0.95320 1.00000 0.54660 0.49260 0.39367 0.31460 0.17380 0.16920 0.15980 0.16000 0.16500 0.22560 0.22540 0.13740 0.13280 0.13920 0.15480 1.00000 0.24780 0.00000 1.00000 0.00000 0.00000
0.24980 0.25254 0.26208 0.26610 0.97920 0.95260 1.00000 0.54660 0.49340 0.48845 0.31520 0.21500 0.16440 0.15960 0.15980 0.17020 0.22540 0.22540 0.13740 0.13280 0.13920 0.15540 1.00000 0.24780 0.00000 1.00000 0.00000 0.00000
0.24960 0.25353 0.26208 0.26530 0.97800 0.95260 1.00000 0.54740 0.49280 0.48925 0.31520 0.97860 0.16920 0.15980 0.15980 0.16400 0.20640 0.22520 0.28980 0.13280 0.14040 0.15520 0.95480 0.24780 0.00000 1.00000 0.00000 0.00000
0.25020 0.25333 0.26208 0.26530 0.81860 0.95320 1.00000 0.54780 0.49380 0.48925 0.31540 0.21700 0.17000 0.15960 0.15960 0.16220 0.20700 0.22500 0.23020 0.13260 0.14140 0.15580 0.95420 0.24840 0.00000 1.00000 0.00000 0.00000
0.26640 0.25353 0.26228 0.26510 0.97700 0.95260 1.00000 0.54820 0.67920 0.31780 0.31480 0.32060 0.17100 0.16040 0.15940 0.16200 0.20660 0.17400 0.22960 0.13320 0.13560 0.14040 0.14380 0.14940 0.00000 1.00000 0.00000 0.00000
0.15320 0.99502 0.26228 0.26510 0.27080 0.81860 1.00000 0.54920 0.55120 0.31820 0.31500 0.32200 0.16980 0.16100 0.15840 0.16100 0.17060 0.22440 0.15980 0.13420 0.13440 0.13780 0.14340 0.14820 0.00000 1.00000 0.00000 0.00000
0.15260 0.26607 0.26228 0.26450 0.27060 0.81960 1.00000 0.56560 0.68300 0.48965 0.31580 1.00000 0.18460 0.18000 0.15820 0.16060 0.16620 0.22420 0.13680 0.15240 0.13420 0.13680 0.14280 0.14740 0.00000 1.00000 0.00000 0.00000
0.15160 0.26547 0.26248 0.26450 0.27060 0.95300 1.00000 0.56600 0.45800 0.49004 0.31600 1.00000 0.18600 0.16480 0.15800 0.16020 0.16560 0.22440 0.13660 0.13480 0.13180 0.13620 0.17680 0.14660 0.00000 1.00000 0.00000 0.00000
0.24920 0.26507 0.26248 0.26450 0.93840 0.82200 1.00000 0.56580 0.54980 0.49044 0.31620 1.00000 0.18540 0.16020 0.15780 0.16000 0.16440 0.22300 0.13660 0.13200 0.13080 0.13560 0.16680 0.14640 0.00000 1.00000 0.00000 0.00000
0.15060 0.25512 0.26208 0.26450 0.93940 0.82300 1.00000 0.56680 0.54940 0.49064 0.31660 0.31920 0.16560 0.15960 0.15760 0.15940 0.16380 0.22260 0.13740 0.13200 0.13000 0.13440 0.16100 1.00000 0.00000 1.00000 0.00000 0.00000
0.24820 0.25393 0.26307 0.26530 0.93900 0.82280 1.00000 0.56920 0.54980 0.49104 0.31759 0.31880 0.98020 0.15960 0.15740 0.15920 0.16460 0.14460 0.13740 0.13180 0.12960 0.13520 0.13920 0.14460 0.00000 1.00000 0.00000 0.00000
0.24740 0.26786 0.26327 0.27108 0.93960 0.82120 0.95760 0.55240 0.54960 0.49204 0.39550 0.31880 1.00000 0.16040 0.15720 0.15940 0.16280 0.14480 0.13760 0.13220 0.12940 1.00000 0.13780 1.00000 0.00000 1.00000 0.00000 0.00000
0.24740 0.24896 0.26367 0.27207 0.27060 0.82180 0.95420 1.00000 0.55060 0.57686 0.49253 0.31880 1.00000 0.16080 0.15700 0.15960 0.16360 0.14520 0.13960 0.13300 0.12900 0.13980 0.15320 0.95580 0.00000 1.00000 0.00000 0.00000
0.24740 0.99502 0.26407 0.26470 0.26920 0.81940 0.95360 1.00000 0.55120 0.45699 0.46722 0.17680 0.32100 0.16160 0.15760 0.15720 0.16260 0.17020 0.22180 0.14340 0.12880 0.13240 0.14800 0.95460 0.00000 1.00000 0.00000 0.00000
0.14800 0.99502 0.26506 0.26490 0.26920 0.83040 0.81980 1.00000 0.55160 0.54978 0.49213 0.31680 1.00000 1.00000 0.15740 0.15680 0.16460 0.16660 0.17360 0.22640 0.12940 0.13080 0.13540 0.95400 0.00000 1.00000 0.00000 0.00000
0.14560 0.99502 0.26626 0.26510 0.26900 0.27320 0.82220 1.00000 1.00000 0.45759 0.31978 0.31760 1.00000 1.00000 0.15800 0.15640 0.15920 0.16380 0.22080 0.15580 0.13000 0.13080 0.13400 0.17640 0.00000 1.00000 0.00000 0.00000
1.00000 0.99502 0.99423 0.26530 0.26840 0.27300 0.83080 1.00000 0.56900 0.54938 0.32058 0.31780 1.00000 1.00000 0.16280 0.15580 0.15800 0.16240 0.22040 0.13360 0.13060 0.12840 0.13340 0.17700 0.00000 1.00000 0.00000 0.00000
0.14500 0.24876 0.26725 0.26550 0.26840 0.94140 0.82480 1.00000 1.00000 0.54958 0.32098 0.31860 0.16720 0.98000 0.16140 0.15560 0.15680 0.16180 0.21960 0.36500 0.12920 0.12800 0.13220 0.13780 0.00000 1.00000 0.00000 0.00000
0.27840 0.24796 0.26765 0.26590 0.26800 0.27280 0.82380 1.00000 0.57180 0.54978 0.49293 0.31880 0.32020 0.98020 0.15720 0.15520 0.15700 0.16100 0.21900 0.22700 0.12840 0.12720 0.13180 0.13640 0.00000 1.00000 0.00000 0.00000
0.14000 0.24796 0.26824 0.26629 0.26940 0.27340 0.82720 1.00000 1.00000 0.55018 0.49313 0.31900 0.31920 1.00000 0.15700 0.15480 0.15700 0.16080 0.21900 0.22280 0.12840 0.12680 0.12940 0.13640 0.00000 1.00000 0.00000 0.00000
0.13900 0.14846 0.99423 0.25513 0.26060 0.94260 0.98160 0.95760 1.00000 0.55058 0.49412 0.31980 0.31760 1.00000 0.15740 0.15440 0.15820 0.17080 0.21860 0.21940 0.12900 0.12660 0.12940 0.13480 0.00000 1.00000 0.00000 0.00000
0.13860 0.14607 0.99423 0.26769 0.27060 1.00000 1.00000 0.28460 1.00000 0.55217 0.51564 0.32040 0.29800 0.32180 0.15820 0.15420 0.15500 0.16000 0.21820 0.21800 0.12980 0.12720 0.12920 0.15260 0.00000 1.00000 0.00000 0.00000
0.13700 0.14567 0.99423 0.26829 0.26940 1.00000 0.98140 0.28300 1.00000 0.99562 0.67563 0.39920 0.29800 0.32080 0.15880 0.15460 0.15440 0.15720 0.21760 0.16960 0.13600 0.12700 0.12780 0.14460 0.00000 1.00000 0.00000 0.00000
0.15620 0.99502 0.25651 0.27068 0.26940 0.27100 0.94480 0.28100 1.00000 0.57069 0.55330 0.32140 0.31860 1.00000 1.00000 0.15480 0.15240 0.15480 0.15900 0.16460 0.13020 0.12720 0.12540 0.13160 0.00000 0.00000 1.00000 0.00000
0.13660 0.14209 0.25035 0.27068 0.26980 0.27100 0.94700 0.28080 1.00000 0.57049 0.55549 0.32160 0.31860 1.00000 1.00000 0.15400 0.15200 0.15400 0.15820 0.21620 0.13100 0.12720 0.12520 0.13040 0.00000 0.00000 1.00000 0.00000
0.13460 0.14010 0.24896 0.25414 0.27020 0.27120 0.94600 0.28260 1.00000 0.99562 0.55250 0.49580 0.31860 0.32020 1.00000 0.15380 0.15160 0.15300 0.15820 0.21560 0.13040 0.12700 0.12500 0.12820 0.00000 0.00000 1.00000 0.00000
0.15060 0.13871 0.24915 0.27108 0.27060 0.29260 0.94500 0.28080 1.00000 0.99562 0.55250 0.49580 0.31860 0.31860 1.00000 0.15340 0.15120 0.15300 0.17120 0.16260 0.13080 0.12720 0.12480 0.12720 0.00000 0.00000 1.00000 0.00000
0.14560 0.13791 0.24955 0.27148 0.27100 0.29340 0.94500 0.28020 1.00000 0.99562 0.55230 0.49560 0.31840 0.31840 1.00000 0.15320 0.15080 0.15260 0.16960 0.16160 0.13100 0.12800 0.12500 0.12680 0.00000 0.00000 1.00000 0.00000
0.14580 0.13831 0.24975 0.27207 0.27100 0.27420 0.94540 0.28140 1.00000 0.99562 0.55210 0.49520 0.31820 0.31820 0.98400 0.15320 0.15080 0.15260 0.17000 0.16160 0.13140 0.12840 0.12540 0.12780 0.00000 0.00000 1.00000 0.00000
0.15220 0.13930 0.24995 0.27128 0.27020 0.27300 0.94580 0.28280 1.00000 0.99562 0.55170 0.49500 0.31800 0.31800 0.98200 0.15320 0.15100 0.15260 0.17140 0.16180 0.13200 0.12800 0.12560 0.12820 0.00000 0.00000 1.00000 0.00000
0.15160 0.13970 0.25015 0.27148 0.27040 0.27260 1.00000 0.28240 1.00000 0.99562 0.55150 0.49400 0.31760 0.31780 1.00000 0.15320 0.15080 0.15260 0.17140 0.16240 0.13180 0.12820 0.12600 0.12840 0.00000 0.00000 1.00000 0.00000
0.15320 0.14050 0.25154 0.27188 0.27140 0.27360 1.00000 0.28340 1.00000 0.99562 0.55071 0.49240 0.31720 0.31780 0.98060 0.15260 0.15040 0.15160 0.22260 0.21600 0.13260 0.12900 0.12680 0.12920 0.00000 0.00000 1.00000 0.00000
0.15480 0.14189 0.25214 0.27227 0.27120 0.27340 1.00000 0.28260 1.00000 0.99562 0.54911 0.49160 0.31520 0.31580 0.97980 0.15240 0.15000 0.15180 0.18060 0.16040 0.13380 0.13040 0.12820 0.13060 0.00000 0.00000 1.00000 0.00000
0.15660 0.14368 0.25313 0.25673 0.27240 0.27600 1.00000 0.28200 1.00000 0.99562 0.54732 0.48960 0.31320 0.31320 1.00000 0.15160 0.14920 0.15060 0.17000 0.15960 0.13580 0.13220 0.13000 0.13180 0.00000 0.00000 1.00000 0.00000
0.16100 0.14647 0.25532 0.25812 0.27340 0.27560 1.00000 0.28280 1.00000 0.99562 0.54513 0.48720 0.31140 0.31100 1.00000 0.15080 0.14840 0.15020 0.16960 0.15920 0.13820 0.13540 0.13240 0.13400 0.00000 0.00000 1.00000 0.00000
0.16200 0.99502 0.25771 0.26071 0.27460 0.28380 1.00000 0.28500 1.00000 0.56252 0.54254 0.48420 0.30860 0.30800 0.18640 0.14980 0.14720 0.14900 0.15400 0.15800 0.14140 0.13800 0.13500 0.13660 0.00000 0.00000 1.00000 0.00000
0.16560 0.99502 0.25969 0.26251 0.27580 0.27780 1.00000 0.28540 1.00000 0.99562 0.53975 0.48120 0.30560 0.30500 1.00000 0.14860 0.14600 0.14780 0.16700 0.15600 0.14460 0.14100 0.13780 0.14020 0.00000 0.00000 1.00000 0.00000
0.16960 0.99502 0.26248 0.26550 0.27700 0.28140 1.00000 0.81800 1.00000 0.99562 0.53656 0.47800 0.30240 0.30160 1.00000 0.14740 0.14500 0.14660 0.16660 0.22200 0.14760 0.14400 0.14100 0.14320 0.00000 0.00000 1.00000 0.00000
0.17240 0.99502 0.26546 0.26849 0.27820 0.28400 1.00000 0.81660 1.00000 0.99562 0.53337 0.47440 0.29960 0.29880 1.00000 0.14620 0.14360 0.14540 0.16900 0.20900 0.15100 0.14740 0.14440 0.14680 0.00000 0.00000 1.00000 0.00000
0.15420 0.99502 0.26844 0.27148 0.27940 0.28580 1.00000 0.81460 1.00000 0.99562 0.52999 0.47080 0.29660 0.29460 1.00000 0.14500 0.14240 0.14420 0.15040 0.22560 0.15520 0.15080 0.14780 0.15500 0.00000 0.00000 1.00000 0.00000
0.15720 0.29254 0.27162 0.27467 0.28060 0.28900 1.00000 0.81320 1.00000 0.99562 0.52700 0.46760 0.29240 0.29080 1.00000 0.14360 0.14120 0.14300 0.17020 0.22680 0.15880 0.15440 0.15140 0.15940 0.00000 0.00000 1.00000 0.00000
0.16020 0.99502 0.27500 0.27805 0.28180 0.45540 1.00000 0.81180 1.00000 0.99562 0.52341 0.46360 0.36620 0.28760 1.00000 0.14220 0.13980 0.14140 0.17240 0.15080 0.16260 0.15820 0.15520 0.15840 0.00000 0.00000 1.00000 0.00000
0.16460 0.99502 0.27819 0.28124 0.28300 0.45480 1.00000 0.81020 1.00000 0.99562 0.51963 0.45960 0.36220 0.28380 1.00000 0.14160 0.13840 0.14000 0.17380 0.14940 0.16580 0.16280 0.15900 0.16080 0.00000 0.00000 1.00000 0.00000
0.16840 0.29552 0.28177 0.28543 0.28500 0.45580 1.00000 0.80880 1.00000 0.99562 0.51584 0.45560 0.35820 0.27980 1.00000 0.14040 0.13700 0.13880 0.14380 0.17900 0.17100 0.16600 0.16280 0.16540 0.00000 0.00000 1.00000 0.00000
0.17180 0.99502 0.28515 0.28762 0.28640 0.45800 1.00000 0.80720 1.00000 0.99562 0.51205 0.45140 0.35400 0.27580 1.00000 0.13820 0.13560 0.13800 0.15540 0.14660 0.17500 0.17060 0.16680 0.17020 0.00000 0.00000 1.00000 0.00000
0.20440 0.99502 0.28873 0.29241 0.28760 0.45520 1.00000 0.80580 1.00000 0.99562 0.50827 0.44720 0.34300 0.27160 1.00000 0.13740 0.13420 0.13660 0.14220 0.17620 0.17820 0.17460 0.17080 0.17280 0.00000 0.00000 1.00000 0.00000
0.20780 0.99502 0.29211 0.29480 0.28900 0.62420 1.00000 0.80420 1.00000 0.99562 0.50488 0.44160 0.33940 0.26760 1.00000 0.13540 0.13300 0.13460 0.14160 0.14320 0.18360 0.17800 0.17480 0.17700 0.00000 0.00000 1.00000 0.00000
0.36080 0.99502 0.30304 0.30636 0.29440 0.90460 1.00000 0.80020 1.00000 0.99562 0.49372 0.42720 0.32660 0.25520 1.00000 0.13120 0.12860 0.13040 0.13480 0.17980 0.19460 0.19100 0.18720 0.19020 0.00000 0.00000 1.00000 0.00000
0.20180 0.99502 0.30662 0.30995 0.30520 0.61920 1.00000 0.79820 1.00000 0.99562 0.49173 0.42300 0.32380 0.25100 1.00000 0.12960 0.12720 0.12900 0.36300 0.18200 0.19860 0.19500 0.19120 0.19500 0.00000 0.00000 1.00000 0.00000
0.31660 0.31204 0.31020 0.31353 0.30760 0.90100 1.00000 0.79740 1.00000 0.99562 0.99621 0.41820 0.31840 0.24660 0.94480 0.12820 0.12560 0.12760 0.13140 0.13700 0.20260 0.19900 0.19520 0.19760 0.00000 0.00000 1.00000 0.00000
0.32080 0.31542 0.31378 0.31712 0.30940 0.89960 1.00000 0.79540 1.00000 0.99562 0.38593 0.41460 0.31500 0.24240 1.00000 0.12660 0.12420 0.12540 0.13000 0.18420 0.20700 0.20280 0.19920 0.20620 0.00000 0.00000 1.00000 0.00000
0.25340 0.31900 0.31716 0.32131 0.31100 0.89780 1.00000 0.79480 1.00000 0.99562 0.38215 0.41060 0.31080 0.23860 1.00000 0.12520 0.12280 0.12460 1.00000 0.18520 0.25600 0.20680 0.20300 0.21100 0.00000 0.00000 1.00000 0.00000
0.25440 0.32179 0.32054 0.32470 0.31220 1.00000 1.00000 0.79360 1.00000 0.99562 0.38613 0.40680 0.30820 0.23480 1.00000 0.12380 0.12140 0.12260 0.14640 0.13180 0.25780 0.21100 0.20680 0.21020 0.00000 0.00000 1.00000 0.00000
0.25360 0.32498 0.32392 0.32868 0.31460 0.89440 1.00000 0.79240 1.00000 0.99562 0.37358 0.36400 0.30380 0.23120 1.00000 0.12240 0.12000 0.12140 0.12580 0.13040 0.26080 0.21420 0.21040 0.21460 0.00000 0.00000 1.00000 0.00000
0.25520 0.32816 0.32710 0.33107 0.31680 0.89160 1.00000 0.79180 1.00000 0.99562 0.36999 0.39840 0.29940 0.22760 1.00000 0.12100 0.11880 0.12000 1.00000 0.12980 0.22180 0.21840 0.21400 0.22840 0.00000 0.00000 1.00000 0.00000
0.25940 0.33114 0.33009 0.33426 0.62340 0.89000 1.00000 0.79080 1.00000 0.99562 0.36661 0.39500 0.29600 0.22420 1.00000 0.11980 0.11760 0.11880 0.12400 0.19240 0.22460 0.22100 0.21740 0.22100 0.00000 0.00000 1.00000 0.00000
0.26360 0.33353 0.33307 0.33646 0.62280 0.88860 1.00000 1.00000 1.00000 0.99562 0.36342 0.39140 0.29260 0.22100 1.00000 0.11860 0.11620 0.11760 0.14520 0.12680 0.22920 0.22440 0.22060 0.22720 0.00000 0.00000 1.00000 0.00000
0.34020 0.33632 0.33585 0.33945 0.32200 0.88800 1.00000 1.00000 1.00000 0.99562 0.36023 0.38760 0.28920 0.21780 1.00000 0.11740 0.11520 0.11640 0.12220 0.12640 0.23120 0.22760 0.22380 0.22820 0.00000 0.00000 1.00000 0.00000
0.28300 0.33910 0.33883 0.34283 0.47340 0.88600 1.00000 1.00000 1.00000 0.99562 0.35704 0.36300 0.28600 0.21480 1.00000 0.11640 0.11340 0.11520 0.13880 0.12460 0.23300 0.23060 0.22700 0.24340 0.00000 0.00000 1.00000 0.00000
0.24060 0.34249 0.34142 0.34562 0.62660 1.00000 1.00000 1.00000 1.00000 0.99562 0.35346 0.35980 0.28220 0.21160 1.00000 0.11520 0.11220 0.11400 0.12060 0.12340 0.23720 0.23440 0.23000 0.23360 0.00000 0.00000 1.00000 0.00000
0.28960 0.34527 0.34440 0.35041 0.47380 0.88440 1.00000 1.00000 1.00000 0.99562 0.35027 0.35640 0.28020 0.20860 1.00000 0.11420 0.11100 0.11280 0.12000 0.12280 0.24180 0.27760 0.23320 0.23680 0.00000 0.00000 1.00000 0.00000
0.25600 0.34766 0.34739 0.35240 0.62820 0.88300 1.00000 0.79020 1.00000 0.99562 0.34708 0.37160 0.27600 0.20520 1.00000 0.11320 0.10980 0.11240 0.13220 0.12100 0.25700 0.24160 0.23660 0.24020 0.00000 0.00000 1.00000 0.00000
0.25580 0.35085 0.35057 0.35479 0.63160 0.88080 1.00000 0.79940 1.00000 0.99562 0.34369 0.34920 0.20480 0.20180 1.00000 0.11120 0.10860 0.11100 0.11620 0.12040 0.20700 0.28220 0.24000 0.24440 0.00000 0.00000 1.00000 0.00000
0.28260 0.25294 0.35395 0.99661 0.48000 0.87860 0.91920 0.78740 1.00000 0.99562 0.34011 0.35340 0.20080 0.19780 0.91980 0.11020 0.10740 0.10980 0.11440 0.11900 0.20700 0.24800 0.24360 0.25000 0.00000 0.00000 1.00000 0.00000
0.30820 0.30448 0.30622 0.31054 0.31860 1.00000 0.28560 0.63960 0.89300 0.75249 0.99621 0.42140 0.28780 0.28620 0.28420 0.20860 0.14580 0.10540 0.10120 0.09940 0.10100 0.32340 0.16560 0.25180 0.00000 0.00000 1.00000 0.00000
0.31020 0.30627 0.30801 0.31314 0.32040 0.31020 0.28520 0.63900 1.00000 0.75110 0.99621 0.41940 0.28640 0.28420 0.28740 0.20740 0.14500 0.10600 0.10200 0.10000 0.10160 1.00000 0.16800 0.25380 0.00000 0.00000 1.00000 0.00000
0.31160 0.30826 0.31000 0.31513 0.40520 0.30120 0.65020 0.63780 1.00000 0.74890 0.99621 0.41740 0.28500 0.28280 0.28460 0.20620 0.14560 0.10740 0.10200 0.10080 0.10220 1.00000 0.16980 0.25580 0.00000 0.00000 1.00000 0.00000
0.31300 0.31025 0.31179 0.31772 0.32360 0.30800 0.28580 0.63720 0.96180 0.74791 0.99621 0.41520 0.28320 0.28080 0.28280 0.20500 0.14500 0.11360 0.10280 0.10140 0.10280 1.00000 0.32200 0.25780 0.00000 0.00000 1.00000 0.00000
0.31500 0.31224 0.31378 0.40801 0.32540 0.28500 0.28420 0.63640 1.00000 0.74552 0.99621 0.41300 0.28220 0.27860 0.28120 0.20380 0.14500 0.10900 0.10420 0.10220 0.10380 1.00000 0.32400 0.25940 0.00000 0.00000 1.00000 0.00000
0.26600 0.31463 0.31617 0.32071 0.32740 0.28400 0.28460 0.63560 1.00000 0.74373 0.99621 0.41060 1.00000 0.27620 0.27880 0.20300 0.14420 0.12620 0.10440 0.10300 0.10440 0.13460 0.32580 0.26240 0.00000 0.00000 1.00000 0.00000
0.26860 0.31701 0.31875 0.32529 0.33040 0.29440 0.64940 0.63420 1.00000 0.74154 0.99621 0.40840 1.00000 0.27360 0.27600 0.20140 0.14420 0.11340 0.10540 0.10400 0.10540 0.12720 0.32920 0.26520 0.00000 0.00000 1.00000 0.00000
0.27140 0.32000 0.32154 0.32789 0.40980 0.31580 0.64900 0.63320 0.63780 0.73915 0.99621 0.40480 1.00000 0.27060 0.27300 0.19980 0.28180 0.11260 0.10720 0.10520 0.10660 0.14180 0.18060 0.26800 0.00000 0.00000 1.00000 0.00000
0.27460 0.32299 0.32452 0.33088 0.33540 0.31620 0.65040 0.63200 0.63680 0.73676 0.99621 0.40100 1.00000 0.26180 0.26980 0.19880 0.19820 0.11320 0.10840 0.10620 0.10760 0.13080 0.33520 0.25820 0.00000 0.00000 1.00000 0.00000
0.34680 0.34985 0.35454 0.99661 0.39640 0.39320 0.39680 0.49060 0.40280 0.44584 0.39968 0.39200 0.39420 0.39860 1.00000 0.33260 1.00000 0.28680 1.00000 0.36820 0.12120 0.35320 0.34620 0.34500 0.00000 0.00000 0.00000 1.00000
0.34960 0.35244 0.35713 0.99661 1.00000 0.39400 0.39760 0.40560 0.41560 0.44385 0.39410 0.38900 0.39120 0.39620 1.00000 1.00000 1.00000 0.28520 1.00000 0.36920 0.12260 0.36160 0.34900 0.34780 0.00000 0.00000 0.00000 1.00000
0.35220 0.35463 0.35971 0.99661 1.00000 0.39480 0.39840 0.48820 0.39960 0.44186 0.38693 0.38600 0.38860 0.39340 0.50300 0.28980 1.00000 0.28440 1.00000 0.37220 0.12560 0.18100 0.35180 0.35080 0.00000 0.00000 0.00000 1.00000
0.35540 0.35801 0.36270 0.64022 0.40280 0.39560 0.40100 0.40080 0.41180 0.43867 0.38374 0.38280 0.40380 0.38880 0.39420 0.28880 0.28440 0.28300 0.37960 1.00000 0.11820 0.17880 0.35560 0.35380 0.00000 0.00000 0.00000 1.00000
0.35860 0.36139 0.36588 0.63963 0.40340 0.39620 0.40300 0.40560 0.40700 0.43628 0.37996 0.37940 0.40060 0.38500 0.39140 0.28760 0.28360 0.28260 1.00000 0.38100 0.12080 0.18200 0.35900 0.35700 0.00000 0.00000 0.00000 1.00000
0.36180 0.36458 0.36906 0.57006 0.40540 0.39680 0.40280 0.40540 0.38700 0.43369 0.37657 0.37620 0.37880 0.38240 0.40920 0.33580 0.28280 0.28140 1.00000 0.38160 0.11920 0.18020 0.36300 0.36040 0.00000 0.00000 0.00000 1.00000
0.36520 0.36796 0.37264 0.99661 0.40460 0.39740 0.40080 0.40280 0.38440 0.43110 0.37338 0.37300 0.37500 0.37860 0.40660 0.28800 0.28300 0.28120 1.00000 0.38480 0.11640 0.18280 0.36560 0.36380 0.00000 0.00000 0.00000 1.00000
0.36880 0.37154 0.37602 0.57465 0.40220 0.39780 0.40140 0.38820 0.37860 0.42792 0.37059 0.36960 0.37160 0.37540 0.40460 0.31880 0.28300 0.28080 0.28420 1.00000 0.11460 0.17080 0.36900 0.36720 0.00000 0.00000 0.00000 1.00000
0.37220 0.37493 0.37960 0.99661 0.40140 0.39840 0.40140 0.38480 0.40340 0.42533 0.36720 0.36620 0.36840 0.37260 0.40260 0.31640 0.28280 0.28040 0.28320 1.00000 0.11520 0.17400 0.37240 0.37060 0.00000 0.00000 0.00000 1.00000
0.37620 0.37910 0.38318 0.99661 0.40000 0.39900 0.40180 0.40180 0.40220 0.42334 0.36820 0.36300 0.36500 0.36880 0.37560 0.32640 0.28220 0.28060 0.28280 0.39720 0.11740 0.19380 0.37560 0.37400 0.00000 0.00000 0.00000 1.00000
0.37960 0.38328 0.38676 0.99661 0.40300 0.39960 0.40260 0.39980 0.40180 0.42035 0.36461 0.35960 0.36160 0.36560 0.39740 0.32380 0.28260 0.27960 0.28240 0.28760 0.11600 0.19720 0.37840 0.37740 0.00000 0.00000 0.00000 1.00000
0.38320 0.89831 0.39034 0.40462 0.40180 0.40020 0.40380 0.39840 0.42120 0.41856 0.36262 0.35620 0.35840 0.36220 0.46960 1.00000 0.28320 0.27920 0.28280 0.28680 0.11740 0.38680 0.38160 0.38140 0.00000 0.00000 0.00000 1.00000
0.38660 0.57572 0.39451 0.40243 0.40160 0.40080 0.40660 0.39580 0.41800 0.38650 0.35366 0.35280 0.35520 0.35980 0.46680 0.31800 0.28700 0.27940 0.28240 0.28660 0.11960 0.38940 0.38500 0.38480 0.00000 0.00000 0.00000 1.00000
0.39020 0.57572 0.39869 0.40363 0.40220 0.40220 0.40600 0.39280 0.41540 0.35484 0.34927 0.34960 0.35280 0.35740 0.46460 0.31560 0.28100 0.27900 0.28220 1.00000 0.12180 0.39160 0.38760 0.38760 0.00000 0.00000 0.00000 1.00000
0.39360 0.57851 0.40247 0.40383 0.40200 0.40260 0.40620 0.39080 0.41280 0.35006 0.34589 0.34640 0.34960 0.45920 1.00000 0.32120 0.27920 0.27860 0.28260 1.00000 0.12380 0.39520 0.39060 0.39140 0.00000 0.00000 0.00000 1.00000
0.39820 0.40498 0.40525 0.40403 0.40240 0.40400 0.40840 0.35800 0.41000 0.34608 0.34230 0.34360 0.34700 0.45640 0.32940 0.31140 0.27860 0.27880 0.28380 0.40800 0.12600 0.39660 0.39360 0.39440 0.00000 0.00000 0.00000 1.00000
0.40400 0.40756 0.58342 0.40383 0.40280 0.40600 1.00000 0.35340 0.40780 0.34249 0.33951 0.34140 0.34520 0.45400 0.32620 0.28280 0.27740 0.28120 1.00000 0.41020 0.14620 0.39920 0.39620 0.39800 0.00000 0.00000 0.00000 1.00000
0.40440 0.41493 0.40903 0.40403 0.40340 0.40840 1.00000 0.34880 0.40580 0.33931 0.33652 0.33940 0.40280 0.45160 0.32560 0.27980 0.27680 0.28100 0.55180 0.41180 0.14180 0.40120 0.39880 0.40200 0.00000 0.00000 0.00000 1.00000
0.40700 0.58488 0.40903 0.40423 0.40380 0.40560 0.41240 0.34620 0.34200 0.33572 0.33373 0.33660 0.39940 0.44920 0.32240 0.27840 0.27620 0.27800 0.55020 0.41460 0.14960 0.29700 0.40160 0.40600 0.00000 0.00000 0.00000 1.00000
0.41000 0.41333 0.99423 0.40462 0.40440 0.40620 0.41140 0.34300 0.33820 0.33274 0.33094 0.33400 0.39680 0.44700 0.31920 0.27780 0.27560 0.27760 0.28280 0.41600 0.15220 0.29880 0.40420 0.40680 0.00000 0.00000 0.00000 1.00000
0.41300 0.41751 0.99423 0.40901 0.40500 0.40780 0.41180 0.33960 0.36960 0.32995 0.32835 0.33160 0.39380 0.44540 0.31140 0.27760 0.27520 0.27740 0.28320 1.00000 0.16560 0.40980 0.40680 0.40900 0.00000 0.00000 0.00000 1.00000
0.41680 0.42090 0.44900 0.40522 0.40580 0.40840 0.38240 0.39900 0.36120 0.33771 0.32576 0.32920 0.33400 0.44280 0.31180 0.28060 0.27460 0.27720 0.28260 0.28740 0.18060 0.41100 0.40940 0.41240 0.00000 0.00000 0.00000 1.00000
0.42660 0.59562 0.40903 0.40602 0.40740 0.40940 0.38000 0.39660 0.36300 0.32676 0.32337 0.32700 0.39020 0.44060 0.31620 0.28260 0.27420 0.27740 1.00000 0.42440 0.18320 0.41280 0.41280 0.41660 0.00000 0.00000 0.00000 1.00000
0.42180 0.41632 0.41281 0.41519 0.48540 0.35500 0.31580 0.30940 0.30740 0.30506 0.30962 0.28500 0.35140 0.30100 0.26640 0.26660 1.00000 1.00000 1.00000 0.43420 0.43020 0.43100 0.43320 0.61740 0.00000 0.00000 0.00000 1.00000
0.42300 0.41692 0.41420 0.41798 0.43220 0.35540 0.38580 0.30740 0.30420 0.30287 0.31281 0.41740 0.27480 0.28960 0.26460 0.26640 0.27480 1.00000 0.44040 0.43540 0.43240 0.43420 0.43600 0.43000 0.00000 0.00000 0.00000 1.00000
0.42420 0.41871 0.41638 0.42655 0.45480 0.38700 0.31080 0.30380 0.30160 0.30108 0.31062 0.41420 0.27000 0.26540 0.26240 0.26600 1.00000 1.00000 0.44160 0.43700 0.43480 0.43660 0.43620 0.43220 0.00000 0.00000 0.00000 1.00000
0.42620 0.42169 0.41877 0.42236 0.38000 0.38720 0.34800 0.30100 0.29880 0.29928 0.35864 0.41080 0.26660 0.26200 0.26000 0.26600 1.00000 1.00000 0.44380 0.43940 0.43720 0.44980 0.52540 0.62620 0.00000 0.00000 0.00000 1.00000
0.42900 0.99502 0.42136 0.42436 0.37840 0.38480 0.30380 0.29740 0.29620 0.29849 0.35445 0.40780 0.26440 0.26240 0.25680 0.25940 0.53000 1.00000 0.45060 0.44160 0.43980 0.44200 0.52940 0.62980 0.00000 0.00000 0.00000 1.00000
0.46820 0.99502 0.42414 0.42874 0.37640 0.38480 0.34220 0.29520 0.29340 0.29470 0.35087 0.40420 0.26120 0.26860 0.25480 0.25700 1.00000 0.45680 0.55240 0.44480 0.44240 0.44480 0.44940 0.45480 0.00000 0.00000 0.00000 1.00000
0.49020 0.42965 0.42772 0.43652 0.37720 0.38520 0.29640 0.29680 0.29160 0.29251 0.34808 0.40100 0.28180 0.25600 0.25220 0.25460 1.00000 1.00000 0.55040 0.44660 0.44520 0.44820 0.45280 0.63820 0.00000 0.00000 0.00000 1.00000
0.43600 0.43104 0.43070 0.43512 0.35700 0.34300 0.29440 0.28960 0.28940 0.29192 0.34549 0.32740 0.26760 0.25160 0.25020 0.25340 1.00000 0.45740 0.45520 0.44820 0.44820 0.45160 0.46140 0.64380 0.00000 0.00000 0.00000 1.00000
0.43900 0.43363 0.43428 0.42177 0.38340 0.34180 0.34180 0.28700 0.28780 0.29012 0.34250 0.32260 0.26680 0.24880 0.24840 0.51980 1.00000 0.45940 0.45500 0.45040 0.45060 0.45620 0.46440 0.47020 0.00000 0.00000 0.00000 1.00000
0.42880 0.46527 0.46272 0.46681 1.00000 0.77380 0.77680 0.83680 0.47880 0.61211 0.39311 0.77380 0.28740 1.00000 0.21400 0.13060 0.20960 0.18080 0.21160 0.18080 0.17800 0.18080 1.00000 1.00000 0.00000 0.00000 0.00000 1.00000
0.39560 0.46886 0.46689 0.47100 1.00000 0.39340 1.00000 0.83920 0.47580 0.55655 0.38852 0.77240 0.28400 1.00000 0.21040 0.12900 0.20900 0.18080 0.21340 0.18420 0.18040 0.18320 0.25580 0.31080 0.00000 0.00000 0.00000 1.00000
0.39960 0.47224 0.47027 0.47399 1.00000 0.77080 0.84160 0.83960 0.47440 0.55376 0.38613 0.76580 0.23700 1.00000 0.20720 0.12680 0.20880 0.18160 0.21700 0.18200 0.18280 0.18640 1.00000 0.31480 0.00000 0.00000 0.00000 1.00000
0.40400 0.47463 0.47326 0.47817 1.00000 0.76900 0.84120 0.55360 0.47000 0.55317 0.38155 0.76360 1.00000 1.00000 0.20360 0.12520 0.20840 0.18160 0.18160 0.18360 0.18520 0.18880 1.00000 0.32040 0.00000 0.00000 0.00000 1.00000
0.44560 0.47801 0.47763 0.48176 1.00000 0.76180 0.84200 0.55060 0.46940 0.59518 0.37677 0.76920 0.22660 1.00000 0.20020 0.20260 0.20780 0.20580 0.18120 0.18520 0.18780 0.19220 1.00000 0.32540 0.00000 0.00000 0.00000 1.00000
0.44980 0.48159 0.48101 0.48555 1.00000 0.75920 0.84300 0.55660 0.68740 0.59100 0.37199 1.00000 0.22120 0.20260 0.19660 0.19920 0.20740 0.20520 0.18200 0.18760 0.19040 0.84320 1.00000 0.32620 0.00000 0.00000 0.00000 1.00000
0.45440 0.48498 0.48459 0.48973 1.00000 0.75860 0.84340 0.54700 0.54500 0.54500 0.36760 0.75820 0.21840 0.19580 0.19340 0.19660 0.20780 0.20500 0.20860 0.18920 0.19280 0.19780 0.26040 0.33220 0.00000 0.00000 0.00000 1.00000
0.45900 0.48776 0.48777 0.49372 1.00000 0.75540 0.84460 0.54220 0.54220 0.54301 0.36402 1.00000 0.20180 0.19180 0.19080 0.19340 0.20760 0.20060 0.20760 0.19760 0.19500 0.84460 1.00000 1.00000 0.00000 0.00000 0.00000 1.00000
0.46300 0.49154 0.49115 0.49791 1.00000 0.75240 0.84660 0.45520 0.54020 0.54042 0.36103 0.75400 0.19760 0.18780 0.18760 0.19040 0.20840 0.19900 0.18220 0.19840 0.19720 0.84660 0.27820 0.35640 0.00000 0.00000 0.00000 1.00000
0.46620 0.49473 0.49453 0.99661 1.00000 0.75140 0.84840 0.43080 0.53860 0.53903 0.35744 1.00000 0.19580 0.18460 0.18440 0.18780 0.20820 0.18820 0.18180 0.21040 0.20000 0.84760 1.00000 0.36300 0.00000 0.00000 0.00000 1.00000
0.32700 0.33055 0.33605 0.40462 0.40080 0.39860 0.40060 0.46520 0.42160 0.42593 0.41144 0.41020 0.41180 0.46760 0.43120 0.34260 1.00000 0.28140 1.00000 0.35100 0.09680 0.14640 0.32800 0.32600 0.00000 0.00000 0.00000 1.00000
0.32940 0.33413 0.33883 0.34582 0.40140 0.39920 0.40020 0.46380 0.42080 0.42314 0.40924 0.40800 0.40940 0.46540 0.43240 0.34360 0.31640 0.28020 1.00000 0.35360 0.10300 0.14520 0.33060 0.32840 0.00000 0.00000 0.00000 1.00000
0.33240 0.33771 0.34043 0.34802 0.40200 0.39960 0.40060 0.40700 0.41760 0.42095 0.40705 0.40560 0.40640 0.41340 0.42920 0.34940 0.31520 0.27980 0.70900 0.62540 0.09420 0.14700 0.33320 0.33080 0.00000 0.00000 0.00000 1.00000
0.33500 0.34030 0.34222 0.34921 0.40220 0.40000 0.40100 0.40640 0.41700 0.41916 0.40466 0.40300 0.40380 0.40740 0.42720 0.34840 0.31380 0.28000 0.82860 0.62760 0.09340 0.13280 0.33580 0.33340 0.00000 0.00000 0.00000 1.00000
0.33760 0.34348 0.34540 0.35240 0.40260 0.40020 0.40140 0.40640 0.42000 0.41736 0.40267 0.40040 0.40120 0.40480 0.42440 0.34000 1.00000 0.27980 1.00000 0.36400 0.09500 0.14280 0.33840 0.33600 0.00000 0.00000 0.00000 1.00000
0.34040 0.34687 0.36250 0.35519 0.40260 0.40040 0.40140 0.40720 0.40880 0.49801 0.39968 0.39760 0.39840 0.40200 0.42180 0.33860 1.00000 0.27900 1.00000 0.36580 0.09800 0.14520 0.23900 0.33880 0.00000 0.00000 0.00000 1.00000
0.34260 0.35920 0.36468 0.35758 0.40260 0.40040 0.40160 0.45800 0.40780 0.49542 0.39669 0.39460 0.39560 0.45240 0.41960 0.34360 0.30700 0.27820 0.83080 0.36840 0.10120 0.14800 0.34380 0.34160 0.00000 0.00000 0.00000 1.00000
0.34620 0.36199 0.54345 0.36057 0.40220 0.40060 0.40160 0.45760 0.42380 0.49442 0.39311 0.39160 0.39320 0.44980 0.41700 0.34140 0.30480 0.27820 0.37300 0.37120 0.09920 0.14420 0.34680 0.34440 0.00000 0.00000 0.00000 1.00000
