0.25000 0.20000 0.20000 0.20000 0.00000 1.00000 0.00000
0.25000 0.20000 0.20000 0.40000 1.00000 0.00000 0.00000
0.25000 0.20000 0.20000 0.60000 1.00000 0.00000 0.00000
0.25000 0.20000 0.20000 0.80000 1.00000 0.00000 0.00000
0.25000 0.20000 0.20000 1.00000 1.00000 0.00000 0.00000
0.25000 0.20000 0.40000 0.20000 1.00000 0.00000 0.00000
0.25000 0.20000 0.40000 0.40000 1.00000 0.00000 0.00000
0.25000 0.20000 0.40000 0.60000 1.00000 0.00000 0.00000
0.25000 0.20000 0.40000 0.80000 1.00000 0.00000 0.00000
0.25000 0.20000 0.40000 1.00000 1.00000 0.00000 0.00000
0.25000 0.20000 0.60000 0.20000 1.00000 0.00000 0.00000
0.25000 0.20000 0.60000 0.40000 1.00000 0.00000 0.00000
0.25000 0.20000 0.60000 0.60000 1.00000 0.00000 0.00000
0.25000 0.20000 0.60000 0.80000 1.00000 0.00000 0.00000
0.25000 0.20000 0.60000 1.00000 1.00000 0.00000 0.00000
0.25000 0.20000 0.80000 0.20000 1.00000 0.00000 0.00000
0.25000 0.20000 0.80000 0.40000 1.00000 0.00000 0.00000
0.25000 0.20000 0.80000 0.60000 1.00000 0.00000 0.00000
0.25000 0.20000 0.80000 0.80000 1.00000 0.00000 0.00000
0.25000 0.20000 0.80000 1.00000 1.00000 0.00000 0.00000
0.25000 0.20000 1.00000 0.20000 1.00000 0.00000 0.00000
0.25000 0.20000 1.00000 0.40000 1.00000 0.00000 0.00000
0.25000 0.20000 1.00000 0.60000 1.00000 0.00000 0.00000
0.25000 0.20000 1.00000 0.80000 1.00000 0.00000 0.00000
0.25000 0.20000 1.00000 1.00000 1.00000 0.00000 0.00000
0.25000 0.40000 0.20000 0.20000 0.00000 0.00000 1.00000
0.25000 0.40000 0.20000 0.40000 0.00000 1.00000 0.00000
0.25000 0.40000 0.20000 0.60000 1.00000 0.00000 0.00000
0.25000 0.40000 0.20000 0.80000 1.00000 0.00000 0.00000
0.25000 0.40000 0.20000 1.00000 1.00000 0.00000 0.00000
0.25000 0.40000 0.40000 0.20000 0.00000 1.00000 0.00000
0.25000 0.40000 0.40000 0.40000 1.00000 0.00000 0.00000
0.25000 0.40000 0.40000 0.60000 1.00000 0.00000 0.00000
0.25000 0.40000 0.40000 0.80000 1.00000 0.00000 0.00000
0.25000 0.40000 0.40000 1.00000 1.00000 0.00000 0.00000
0.25000 0.40000 0.60000 0.20000 1.00000 0.00000 0.00000
0.25000 0.40000 0.60000 0.40000 1.00000 0.00000 0.00000
0.25000 0.40000 0.60000 0.60000 1.00000 0.00000 0.00000
0.25000 0.40000 0.60000 0.80000 1.00000 0.00000 0.00000
0.25000 0.40000 0.60000 1.00000 1.00000 0.00000 0.00000
0.25000 0.40000 0.80000 0.20000 1.00000 0.00000 0.00000
0.25000 0.40000 0.80000 0.40000 1.00000 0.00000 0.00000
0.25000 0.40000 0.80000 0.60000 1.00000 0.00000 0.00000
0.25000 0.40000 0.80000 0.80000 1.00000 0.00000 0.00000
0.25000 0.40000 0.80000 1.00000 1.00000 0.00000 0.00000
0.25000 0.40000 1.00000 0.20000 1.00000 0.00000 0.00000
0.25000 0.40000 1.00000 0.40000 1.00000 0.00000 0.00000
0.25000 0.40000 1.00000 0.60000 1.00000 0.00000 0.00000
0.25000 0.40000 1.00000 0.80000 1.00000 0.00000 0.00000
0.25000 0.40000 1.00000 1.00000 1.00000 0.00000 0.00000
0.25000 0.60000 0.20000 0.20000 0.00000 0.00000 1.00000
0.25000 0.60000 0.20000 0.40000 0.00000 0.00000 1.00000
0.25000 0.60000 0.20000 0.60000 0.00000 1.00000 0.00000
0.25000 0.60000 0.20000 0.80000 1.00000 0.00000 0.00000
0.25000 0.60000 0.20000 1.00000 1.00000 0.00000 0.00000
0.25000 0.60000 0.40000 0.20000 0.00000 0.00000 1.00000
0.25000 0.60000 0.40000 0.40000 1.00000 0.00000 0.00000
0.25000 0.60000 0.40000 0.60000 1.00000 0.00000 0.00000
0.25000 0.60000 0.40000 0.80000 1.00000 0.00000 0.00000
0.25000 0.60000 0.40000 1.00000 1.00000 0.00000 0.00000
0.25000 0.60000 0.60000 0.20000 0.00000 1.00000 0.00000
0.25000 0.60000 0.60000 0.40000 1.00000 0.00000 0.00000
0.25000 0.60000 0.60000 0.60000 1.00000 0.00000 0.00000
0.25000 0.60000 0.60000 0.80000 1.00000 0.00000 0.00000
0.25000 0.60000 0.60000 1.00000 1.00000 0.00000 0.00000
0.25000 0.60000 0.80000 0.20000 1.00000 0.00000 0.00000
0.25000 0.60000 0.80000 0.40000 1.00000 0.00000 0.00000
0.25000 0.60000 0.80000 0.60000 1.00000 0.00000 0.00000
0.25000 0.60000 0.80000 0.80000 1.00000 0.00000 0.00000
0.25000 0.60000 0.80000 1.00000 1.00000 0.00000 0.00000
0.25000 0.60000 1.00000 0.20000 1.00000 0.00000 0.00000
0.25000 0.60000 1.00000 0.40000 1.00000 0.00000 0.00000
0.25000 0.60000 1.00000 0.60000 1.00000 0.00000 0.00000
0.25000 0.60000 1.00000 0.80000 1.00000 0.00000 0.00000
0.25000 0.60000 1.00000 1.00000 1.00000 0.00000 0.00000
0.25000 0.80000 0.20000 0.20000 0.00000 0.00000 1.00000
0.25000 0.80000 0.20000 0.40000 0.00000 0.00000 1.00000
0.25000 0.80000 0.20000 0.60000 0.00000 0.00000 1.00000
0.25000 0.80000 0.20000 0.80000 0.00000 1.00000 0.00000
0.25000 0.80000 0.20000 1.00000 1.00000 0.00000 0.00000
0.25000 0.80000 0.40000 0.20000 0.00000 0.00000 1.00000
0.25000 0.80000 0.40000 0.40000 0.00000 1.00000 0.00000
0.25000 0.80000 0.40000 0.60000 1.00000 0.00000 0.00000
0.25000 0.80000 0.40000 0.80000 1.00000 0.00000 0.00000
0.25000 0.80000 0.40000 1.00000 1.00000 0.00000 0.00000
0.25000 0.80000 0.60000 0.20000 0.00000 0.00000 1.00000
0.25000 0.80000 0.60000 0.40000 1.00000 0.00000 0.00000
0.25000 0.80000 0.60000 0.60000 1.00000 0.00000 0.00000
0.25000 0.80000 0.60000 0.80000 1.00000 0.00000 0.00000
0.25000 0.80000 0.60000 1.00000 1.00000 0.00000 0.00000
0.25000 0.80000 0.80000 0.20000 0.00000 1.00000 0.00000
0.25000 0.80000 0.80000 0.40000 1.00000 0.00000 0.00000
0.25000 0.80000 0.80000 0.60000 1.00000 0.00000 0.00000
0.25000 0.80000 0.80000 0.80000 1.00000 0.00000 0.00000
0.25000 0.80000 0.80000 1.00000 1.00000 0.00000 0.00000
0.25000 0.80000 1.00000 0.20000 1.00000 0.00000 0.00000
0.25000 0.80000 1.00000 0.40000 1.00000 0.00000 0.00000
0.25000 0.80000 1.00000 0.60000 1.00000 0.00000 0.00000
0.25000 0.80000 1.00000 0.80000 1.00000 0.00000 0.00000
0.25000 0.80000 1.00000 1.00000 1.00000 0.00000 0.00000
0.25000 1.00000 0.20000 0.20000 0.00000 0.00000 1.00000
0.25000 1.00000 0.20000 0.40000 0.00000 0.00000 1.00000
0.25000 1.00000 0.20000 0.60000 0.00000 0.00000 1.00000
0.25000 1.00000 0.20000 0.80000 0.00000 0.00000 1.00000
0.25000 1.00000 0.20000 1.00000 0.00000 1.00000 0.00000
0.25000 1.00000 0.40000 0.20000 0.00000 0.00000 1.00000
0.25000 1.00000 0.40000 0.40000 0.00000 0.00000 1.00000
0.25000 1.00000 0.40000 0.60000 1.00000 0.00000 0.00000
0.25000 1.00000 0.40000 0.80000 1.00000 0.00000 0.00000
0.25000 1.00000 0.40000 1.00000 1.00000 0.00000 0.00000
0.25000 1.00000 0.60000 0.20000 0.00000 0.00000 1.00000
0.25000 1.00000 0.60000 0.40000 1.00000 0.00000 0.00000
0.25000 1.00000 0.60000 0.60000 1.00000 0.00000 0.00000
0.25000 1.00000 0.60000 0.80000 1.00000 0.00000 0.00000
0.25000 1.00000 0.60000 1.00000 1.00000 0.00000 0.00000
0.25000 1.00000 0.80000 0.20000 0.00000 0.00000 1.00000
0.25000 1.00000 0.80000 0.40000 1.00000 0.00000 0.00000
0.25000 1.00000 0.80000 0.60000 1.00000 0.00000 0.00000
0.25000 1.00000 0.80000 0.80000 1.00000 0.00000 0.00000
0.25000 1.00000 0.80000 1.00000 1.00000 0.00000 0.00000
0.25000 1.00000 1.00000 0.20000 0.00000 1.00000 0.00000
0.25000 1.00000 1.00000 0.40000 1.00000 0.00000 0.00000
0.25000 1.00000 1.00000 0.60000 1.00000 0.00000 0.00000
0.25000 1.00000 1.00000 0.80000 1.00000 0.00000 0.00000
0.25000 1.00000 1.00000 1.00000 1.00000 0.00000 0.00000
0.50000 0.20000 0.20000 0.20000 0.00000 0.00000 1.00000
0.50000 0.20000 0.20000 0.40000 0.00000 1.00000 0.00000
0.50000 0.20000 0.20000 0.60000 1.00000 0.00000 0.00000
0.50000 0.20000 0.20000 0.80000 1.00000 0.00000 0.00000
0.50000 0.20000 0.20000 1.00000 1.00000 0.00000 0.00000
0.50000 0.20000 0.40000 0.20000 0.00000 1.00000 0.00000
0.50000 0.20000 0.40000 0.40000 1.00000 0.00000 0.00000
0.50000 0.20000 0.40000 0.60000 1.00000 0.00000 0.00000
0.50000 0.20000 0.40000 0.80000 1.00000 0.00000 0.00000
0.50000 0.20000 0.40000 1.00000 1.00000 0.00000 0.00000
0.50000 0.20000 0.60000 0.20000 1.00000 0.00000 0.00000
0.50000 0.20000 0.60000 0.40000 1.00000 0.00000 0.00000
0.50000 0.20000 0.60000 0.60000 1.00000 0.00000 0.00000
0.50000 0.20000 0.60000 0.80000 1.00000 0.00000 0.00000
0.50000 0.20000 0.60000 1.00000 1.00000 0.00000 0.00000
0.50000 0.20000 0.80000 0.20000 1.00000 0.00000 0.00000
0.50000 0.20000 0.80000 0.40000 1.00000 0.00000 0.00000
0.50000 0.20000 0.80000 0.60000 1.00000 0.00000 0.00000
0.50000 0.20000 0.80000 0.80000 1.00000 0.00000 0.00000
0.50000 0.20000 0.80000 1.00000 1.00000 0.00000 0.00000
0.50000 0.20000 1.00000 0.20000 1.00000 0.00000 0.00000
0.50000 0.20000 1.00000 0.40000 1.00000 0.00000 0.00000
0.50000 0.20000 1.00000 0.60000 1.00000 0.00000 0.00000
0.50000 0.20000 1.00000 0.80000 1.00000 0.00000 0.00000
0.50000 0.20000 1.00000 1.00000 1.00000 0.00000 0.00000
0.50000 0.40000 0.20000 0.20000 0.00000 0.00000 1.00000
0.50000 0.40000 0.20000 0.40000 0.00000 0.00000 1.00000
0.50000 0.40000 0.20000 0.60000 0.00000 0.00000 1.00000
0.50000 0.40000 0.20000 0.80000 0.00000 1.00000 0.00000
0.50000 0.40000 0.20000 1.00000 1.00000 0.00000 0.00000
0.50000 0.40000 0.40000 0.20000 0.00000 0.00000 1.00000
0.50000 0.40000 0.40000 0.40000 0.00000 1.00000 0.00000
0.50000 0.40000 0.40000 0.60000 1.00000 0.00000 0.00000
0.50000 0.40000 0.40000 0.80000 1.00000 0.00000 0.00000
0.50000 0.40000 0.40000 1.00000 1.00000 0.00000 0.00000
0.50000 0.40000 0.60000 0.20000 0.00000 0.00000 1.00000
0.50000 0.40000 0.60000 0.40000 1.00000 0.00000 0.00000
0.50000 0.40000 0.60000 0.60000 1.00000 0.00000 0.00000
0.50000 0.40000 0.60000 0.80000 1.00000 0.00000 0.00000
0.50000 0.40000 0.60000 1.00000 1.00000 0.00000 0.00000
0.50000 0.40000 0.80000 0.20000 0.00000 1.00000 0.00000
0.50000 0.40000 0.80000 0.40000 1.00000 0.00000 0.00000
0.50000 0.40000 0.80000 0.60000 1.00000 0.00000 0.00000
0.50000 0.40000 0.80000 0.80000 1.00000 0.00000 0.00000
0.50000 0.40000 0.80000 1.00000 1.00000 0.00000 0.00000
0.50000 0.40000 1.00000 0.20000 1.00000 0.00000 0.00000
0.50000 0.40000 1.00000 0.40000 1.00000 0.00000 0.00000
0.50000 0.40000 1.00000 0.60000 1.00000 0.00000 0.00000
0.50000 0.40000 1.00000 0.80000 1.00000 0.00000 0.00000
0.50000 0.40000 1.00000 1.00000 1.00000 0.00000 0.00000
0.50000 0.60000 0.20000 0.20000 0.00000 0.00000 1.00000
0.50000 0.60000 0.20000 0.40000 0.00000 0.00000 1.00000
0.50000 0.60000 0.20000 0.60000 0.00000 0.00000 1.00000
0.50000 0.60000 0.20000 0.80000 0.00000 0.00000 1.00000
0.50000 0.60000 0.20000 1.00000 0.00000 0.00000 1.00000
0.50000 0.60000 0.40000 0.20000 0.00000 0.00000 1.00000
0.50000 0.60000 0.40000 0.40000 0.00000 0.00000 1.00000
0.50000 0.60000 0.40000 0.60000 0.00000 1.00000 0.00000
0.50000 0.60000 0.40000 0.80000 1.00000 0.00000 0.00000
0.50000 0.60000 0.40000 1.00000 1.00000 0.00000 0.00000
0.50000 0.60000 0.60000 0.20000 0.00000 0.00000 1.00000
0.50000 0.60000 0.60000 0.40000 0.00000 1.00000 0.00000
0.50000 0.60000 0.60000 0.60000 1.00000 0.00000 0.00000
0.50000 0.60000 0.60000 0.80000 1.00000 0.00000 0.00000
0.50000 0.60000 0.60000 1.00000 1.00000 0.00000 0.00000
0.50000 0.60000 0.80000 0.20000 0.00000 0.00000 1.00000
0.50000 0.60000 0.80000 0.40000 1.00000 0.00000 0.00000
0.50000 0.60000 0.80000 0.60000 1.00000 0.00000 0.00000
0.50000 0.60000 0.80000 0.80000 1.00000 0.00000 0.00000
0.50000 0.60000 0.80000 1.00000 1.00000 0.00000 0.00000
0.50000 0.60000 1.00000 0.20000 0.00000 0.00000 1.00000
0.50000 0.60000 1.00000 0.40000 1.00000 0.00000 0.00000
0.50000 0.60000 1.00000 0.60000 1.00000 0.00000 0.00000
0.50000 0.60000 1.00000 0.80000 1.00000 0.00000 0.00000
0.50000 0.60000 1.00000 1.00000 1.00000 0.00000 0.00000
0.50000 0.80000 0.20000 0.20000 0.00000 0.00000 1.00000
0.50000 0.80000 0.20000 0.40000 0.00000 0.00000 1.00000
0.50000 0.80000 0.20000 0.60000 0.00000 0.00000 1.00000
0.50000 0.80000 0.20000 0.80000 0.00000 0.00000 1.00000
0.50000 0.80000 0.20000 1.00000 0.00000 0.00000 1.00000
0.50000 0.80000 0.40000 0.20000 0.00000 0.00000 1.00000
0.50000 0.80000 0.40000 0.40000 0.00000 0.00000 1.00000
0.50000 0.80000 0.40000 0.60000 0.00000 0.00000 1.00000
0.50000 0.80000 0.40000 0.80000 0.00000 1.00000 0.00000
0.50000 0.80000 0.40000 1.00000 1.00000 0.00000 0.00000
0.50000 0.80000 0.60000 0.20000 0.00000 0.00000 1.00000
0.50000 0.80000 0.60000 0.40000 0.00000 0.00000 1.00000
0.50000 0.80000 0.60000 0.60000 1.00000 0.00000 0.00000
0.50000 0.80000 0.60000 0.80000 1.00000 0.00000 0.00000
0.50000 0.80000 0.60000 1.00000 1.00000 0.00000 0.00000
0.50000 0.80000 0.80000 0.20000 0.00000 0.00000 1.00000
0.50000 0.80000 0.80000 0.40000 0.00000 1.00000 0.00000
0.50000 0.80000 0.80000 0.60000 1.00000 0.00000 0.00000
0.50000 0.80000 0.80000 0.80000 1.00000 0.00000 0.00000
0.50000 0.80000 0.80000 1.00000 1.00000 0.00000 0.00000
0.50000 0.80000 1.00000 0.20000 0.00000 0.00000 1.00000
0.50000 0.80000 1.00000 0.40000 1.00000 0.00000 0.00000
0.50000 0.80000 1.00000 0.60000 1.00000 0.00000 0.00000
0.50000 0.80000 1.00000 0.80000 1.00000 0.00000 0.00000
0.50000 0.80000 1.00000 1.00000 1.00000 0.00000 0.00000
0.50000 1.00000 0.20000 0.20000 0.00000 0.00000 1.00000
0.50000 1.00000 0.20000 0.40000 0.00000 0.00000 1.00000
0.50000 1.00000 0.20000 0.60000 0.00000 0.00000 1.00000
0.50000 1.00000 0.20000 0.80000 0.00000 0.00000 1.00000
0.50000 1.00000 0.20000 1.00000 0.00000 0.00000 1.00000
0.50000 1.00000 0.40000 0.20000 0.00000 0.00000 1.00000
0.50000 1.00000 0.40000 0.40000 0.00000 0.00000 1.00000
0.50000 1.00000 0.40000 0.60000 0.00000 0.00000 1.00000
0.50000 1.00000 0.40000 0.80000 0.00000 0.00000 1.00000
0.50000 1.00000 0.40000 1.00000 0.00000 1.00000 0.00000
0.50000 1.00000 0.60000 0.20000 0.00000 0.00000 1.00000
0.50000 1.00000 0.60000 0.40000 0.00000 0.00000 1.00000
0.50000 1.00000 0.60000 0.60000 0.00000 0.00000 1.00000
0.50000 1.00000 0.60000 0.80000 1.00000 0.00000 0.00000
0.50000 1.00000 0.60000 1.00000 1.00000 0.00000 0.00000
0.50000 1.00000 0.80000 0.20000 0.00000 0.00000 1.00000
0.50000 1.00000 0.80000 0.40000 0.00000 0.00000 1.00000
0.50000 1.00000 0.80000 0.60000 1.00000 0.00000 0.00000
0.50000 1.00000 0.80000 0.80000 1.00000 0.00000 0.00000
0.50000 1.00000 0.80000 1.00000 1.00000 0.00000 0.00000
0.50000 1.00000 1.00000 0.20000 0.00000 0.00000 1.00000
0.50000 1.00000 1.00000 0.40000 0.00000 1.00000 0.00000
0.50000 1.00000 1.00000 0.60000 1.00000 0.00000 0.00000
0.50000 1.00000 1.00000 0.80000 1.00000 0.00000 0.00000
0.50000 1.00000 1.00000 1.00000 1.00000 0.00000 0.00000
0.75000 0.20000 0.20000 0.20000 0.00000 0.00000 1.00000
0.75000 0.20000 0.20000 0.40000 0.00000 0.00000 1.00000
0.75000 0.20000 0.20000 0.60000 0.00000 1.00000 0.00000
0.75000 0.20000 0.20000 0.80000 1.00000 0.00000 0.00000
0.75000 0.20000 0.20000 1.00000 1.00000 0.00000 0.00000
0.75000 0.20000 0.40000 0.20000 0.00000 0.00000 1.00000
0.75000 0.20000 0.40000 0.40000 1.00000 0.00000 0.00000
0.75000 0.20000 0.40000 0.60000 1.00000 0.00000 0.00000
0.75000 0.20000 0.40000 0.80000 1.00000 0.00000 0.00000
0.75000 0.20000 0.40000 1.00000 1.00000 0.00000 0.00000
0.75000 0.20000 0.60000 0.20000 0.00000 1.00000 0.00000
0.75000 0.20000 0.60000 0.40000 1.00000 0.00000 0.00000
0.75000 0.20000 0.60000 0.60000 1.00000 0.00000 0.00000
0.75000 0.20000 0.60000 0.80000 1.00000 0.00000 0.00000
0.75000 0.20000 0.60000 1.00000 1.00000 0.00000 0.00000
0.75000 0.20000 0.80000 0.20000 1.00000 0.00000 0.00000
0.75000 0.20000 0.80000 0.40000 1.00000 0.00000 0.00000
0.75000 0.20000 0.80000 0.60000 1.00000 0.00000 0.00000
0.75000 0.20000 0.80000 0.80000 1.00000 0.00000 0.00000
0.75000 0.20000 0.80000 1.00000 1.00000 0.00000 0.00000
0.75000 0.20000 1.00000 0.20000 1.00000 0.00000 0.00000
0.75000 0.20000 1.00000 0.40000 1.00000 0.00000 0.00000
0.75000 0.20000 1.00000 0.60000 1.00000 0.00000 0.00000
0.75000 0.20000 1.00000 0.80000 1.00000 0.00000 0.00000
0.75000 0.20000 1.00000 1.00000 1.00000 0.00000 0.00000
0.75000 0.40000 0.20000 0.20000 0.00000 0.00000 1.00000
0.75000 0.40000 0.20000 0.40000 0.00000 0.00000 1.00000
0.75000 0.40000 0.20000 0.60000 0.00000 0.00000 1.00000
0.75000 0.40000 0.20000 0.80000 0.00000 0.00000 1.00000
0.75000 0.40000 0.20000 1.00000 0.00000 0.00000 1.00000
0.75000 0.40000 0.40000 0.20000 0.00000 0.00000 1.00000
0.75000 0.40000 0.40000 0.40000 0.00000 0.00000 1.00000
0.75000 0.40000 0.40000 0.60000 0.00000 1.00000 0.00000
0.75000 0.40000 0.40000 0.80000 1.00000 0.00000 0.00000
0.75000 0.40000 0.40000 1.00000 1.00000 0.00000 0.00000
0.75000 0.40000 0.60000 0.20000 0.00000 0.00000 1.00000
0.75000 0.40000 0.60000 0.40000 0.00000 1.00000 0.00000
0.75000 0.40000 0.60000 0.60000 1.00000 0.00000 0.00000
0.75000 0.40000 0.60000 0.80000 1.00000 0.00000 0.00000
0.75000 0.40000 0.60000 1.00000 1.00000 0.00000 0.00000
0.75000 0.40000 0.80000 0.20000 0.00000 0.00000 1.00000
0.75000 0.40000 0.80000 0.40000 1.00000 0.00000 0.00000
0.75000 0.40000 0.80000 0.60000 1.00000 0.00000 0.00000
0.75000 0.40000 0.80000 0.80000 1.00000 0.00000 0.00000
0.75000 0.40000 0.80000 1.00000 1.00000 0.00000 0.00000
0.75000 0.40000 1.00000 0.20000 0.00000 0.00000 1.00000
0.75000 0.40000 1.00000 0.40000 1.00000 0.00000 0.00000
0.75000 0.40000 1.00000 0.60000 1.00000 0.00000 0.00000
0.75000 0.40000 1.00000 0.80000 1.00000 0.00000 0.00000
0.75000 0.40000 1.00000 1.00000 1.00000 0.00000 0.00000
0.75000 0.60000 0.20000 0.20000 0.00000 0.00000 1.00000
0.75000 0.60000 0.20000 0.40000 0.00000 0.00000 1.00000
0.75000 0.60000 0.20000 0.60000 0.00000 0.00000 1.00000
0.75000 0.60000 0.20000 0.80000 0.00000 0.00000 1.00000
0.75000 0.60000 0.20000 1.00000 0.00000 0.00000 1.00000
0.75000 0.60000 0.40000 0.20000 0.00000 0.00000 1.00000
0.75000 0.60000 0.40000 0.40000 0.00000 0.00000 1.00000
0.75000 0.60000 0.40000 0.60000 0.00000 0.00000 1.00000
0.75000 0.60000 0.40000 0.80000 0.00000 0.00000 1.00000
0.75000 0.60000 0.40000 1.00000 1.00000 0.00000 0.00000
0.75000 0.60000 0.60000 0.20000 0.00000 0.00000 1.00000
0.75000 0.60000 0.60000 0.40000 0.00000 0.00000 1.00000
0.75000 0.60000 0.60000 0.60000 0.00000 1.00000 0.00000
0.75000 0.60000 0.60000 0.80000 1.00000 0.00000 0.00000
0.75000 0.60000 0.60000 1.00000 1.00000 0.00000 0.00000
0.75000 0.60000 0.80000 0.20000 0.00000 0.00000 1.00000
0.75000 0.60000 0.80000 0.40000 0.00000 0.00000 1.00000
0.75000 0.60000 0.80000 0.60000 1.00000 0.00000 0.00000
0.75000 0.60000 0.80000 0.80000 1.00000 0.00000 0.00000
0.75000 0.60000 0.80000 1.00000 1.00000 0.00000 0.00000
0.75000 0.60000 1.00000 0.20000 0.00000 0.00000 1.00000
0.75000 0.60000 1.00000 0.40000 1.00000 0.00000 0.00000
0.75000 0.60000 1.00000 0.60000 1.00000 0.00000 0.00000
0.75000 0.60000 1.00000 0.80000 1.00000 0.00000 0.00000
0.75000 0.60000 1.00000 1.00000 1.00000 0.00000 0.00000
0.75000 0.80000 0.20000 0.20000 0.00000 0.00000 1.00000
0.75000 0.80000 0.20000 0.40000 0.00000 0.00000 1.00000
0.75000 0.80000 0.20000 0.60000 0.00000 0.00000 1.00000
0.75000 0.80000 0.20000 0.80000 0.00000 0.00000 1.00000
0.75000 0.80000 0.20000 1.00000 0.00000 0.00000 1.00000
0.75000 0.80000 0.40000 0.20000 0.00000 0.00000 1.00000
0.75000 0.80000 0.40000 0.40000 0.00000 0.00000 1.00000
0.75000 0.80000 0.40000 0.60000 0.00000 0.00000 1.00000
0.75000 0.80000 0.40000 0.80000 0.00000 0.00000 1.00000
0.75000 0.80000 0.40000 1.00000 0.00000 0.00000 1.00000
0.75000 0.80000 0.60000 0.20000 0.00000 0.00000 1.00000
0.75000 0.80000 0.60000 0.40000 0.00000 0.00000 1.00000
0.75000 0.80000 0.60000 0.60000 0.00000 0.00000 1.00000
0.75000 0.80000 0.60000 0.80000 0.00000 1.00000 0.00000
0.75000 0.80000 0.60000 1.00000 1.00000 0.00000 0.00000
0.75000 0.80000 0.80000 0.20000 0.00000 0.00000 1.00000
0.75000 0.80000 0.80000 0.40000 0.00000 0.00000 1.00000
0.75000 0.80000 0.80000 0.60000 0.00000 1.00000 0.00000
0.75000 0.80000 0.80000 0.80000 1.00000 0.00000 0.00000
0.75000 0.80000 0.80000 1.00000 1.00000 0.00000 0.00000
0.75000 0.80000 1.00000 0.20000 0.00000 0.00000 1.00000
0.75000 0.80000 1.00000 0.40000 0.00000 0.00000 1.00000
0.75000 0.80000 1.00000 0.60000 1.00000 0.00000 0.00000
0.75000 0.80000 1.00000 0.80000 1.00000 0.00000 0.00000
0.75000 0.80000 1.00000 1.00000 1.00000 0.00000 0.00000
0.75000 1.00000 0.20000 0.20000 0.00000 0.00000 1.00000
0.75000 1.00000 0.20000 0.40000 0.00000 0.00000 1.00000
0.75000 1.00000 0.20000 0.60000 0.00000 0.00000 1.00000
0.75000 1.00000 0.20000 0.80000 0.00000 0.00000 1.00000
0.75000 1.00000 0.20000 1.00000 0.00000 0.00000 1.00000
0.75000 1.00000 0.40000 0.20000 0.00000 0.00000 1.00000
0.75000 1.00000 0.40000 0.40000 0.00000 0.00000 1.00000
0.75000 1.00000 0.40000 0.60000 0.00000 0.00000 1.00000
0.75000 1.00000 0.40000 0.80000 0.00000 0.00000 1.00000
0.75000 1.00000 0.40000 1.00000 0.00000 0.00000 1.00000
0.75000 1.00000 0.60000 0.20000 0.00000 0.00000 1.00000
0.75000 1.00000 0.60000 0.40000 0.00000 0.00000 1.00000
0.75000 1.00000 0.60000 0.60000 0.00000 0.00000 1.00000
0.75000 1.00000 0.60000 0.80000 0.00000 0.00000 1.00000
0.75000 1.00000 0.60000 1.00000 0.00000 1.00000 0.00000
0.75000 1.00000 0.80000 0.20000 0.00000 0.00000 1.00000
0.75000 1.00000 0.80000 0.40000 0.00000 0.00000 1.00000
0.75000 1.00000 0.80000 0.60000 0.00000 0.00000 1.00000
0.75000 1.00000 0.80000 0.80000 1.00000 0.00000 0.00000
0.75000 1.00000 0.80000 1.00000 1.00000 0.00000 0.00000
0.75000 1.00000 1.00000 0.20000 0.00000 0.00000 1.00000
0.75000 1.00000 1.00000 0.40000 0.00000 0.00000 1.00000
0.75000 1.00000 1.00000 0.60000 0.00000 1.00000 0.00000
0.75000 1.00000 1.00000 0.80000 1.00000 0.00000 0.00000
0.75000 1.00000 1.00000 1.00000 1.00000 0.00000 0.00000
1.00000 0.20000 0.20000 0.20000 0.00000 0.00000 1.00000
1.00000 0.20000 0.20000 0.40000 0.00000 0.00000 1.00000
1.00000 0.20000 0.20000 0.60000 0.00000 0.00000 1.00000
1.00000 0.20000 0.20000 0.80000 0.00000 1.00000 0.00000
1.00000 0.20000 0.20000 1.00000 1.00000 0.00000 0.00000
1.00000 0.20000 0.40000 0.20000 0.00000 0.00000 1.00000
1.00000 0.20000 0.40000 0.40000 0.00000 1.00000 0.00000
1.00000 0.20000 0.40000 0.60000 1.00000 0.00000 0.00000
1.00000 0.20000 0.40000 0.80000 1.00000 0.00000 0.00000
1.00000 0.20000 0.40000 1.00000 1.00000 0.00000 0.00000
1.00000 0.20000 0.60000 0.20000 0.00000 0.00000 1.00000
1.00000 0.20000 0.60000 0.40000 1.00000 0.00000 0.00000
1.00000 0.20000 0.60000 0.60000 1.00000 0.00000 0.00000
1.00000 0.20000 0.60000 0.80000 1.00000 0.00000 0.00000
1.00000 0.20000 0.60000 1.00000 1.00000 0.00000 0.00000
1.00000 0.20000 0.80000 0.20000 0.00000 1.00000 0.00000
1.00000 0.20000 0.80000 0.40000 1.00000 0.00000 0.00000
1.00000 0.20000 0.80000 0.60000 1.00000 0.00000 0.00000
1.00000 0.20000 0.80000 0.80000 1.00000 0.00000 0.00000
1.00000 0.20000 0.80000 1.00000 1.00000 0.00000 0.00000
1.00000 0.20000 1.00000 0.20000 1.00000 0.00000 0.00000
1.00000 0.20000 1.00000 0.40000 1.00000 0.00000 0.00000
1.00000 0.20000 1.00000 0.60000 1.00000 0.00000 0.00000
1.00000 0.20000 1.00000 0.80000 1.00000 0.00000 0.00000
1.00000 0.20000 1.00000 1.00000 1.00000 0.00000 0.00000
1.00000 0.40000 0.20000 0.20000 0.00000 0.00000 1.00000
1.00000 0.40000 0.20000 0.40000 0.00000 0.00000 1.00000
1.00000 0.40000 0.20000 0.60000 0.00000 0.00000 1.00000
1.00000 0.40000 0.20000 0.80000 0.00000 0.00000 1.00000
1.00000 0.40000 0.20000 1.00000 0.00000 0.00000 1.00000
1.00000 0.40000 0.40000 0.20000 0.00000 0.00000 1.00000
1.00000 0.40000 0.40000 0.40000 0.00000 0.00000 1.00000
1.00000 0.40000 0.40000 0.60000 0.00000 0.00000 1.00000
1.00000 0.40000 0.40000 0.80000 0.00000 1.00000 0.00000
1.00000 0.40000 0.40000 1.00000 1.00000 0.00000 0.00000
1.00000 0.40000 0.60000 0.20000 0.00000 0.00000 1.00000
1.00000 0.40000 0.60000 0.40000 0.00000 0.00000 1.00000
1.00000 0.40000 0.60000 0.60000 1.00000 0.00000 0.00000
1.00000 0.40000 0.60000 0.80000 1.00000 0.00000 0.00000
1.00000 0.40000 0.60000 1.00000 1.00000 0.00000 0.00000
1.00000 0.40000 0.80000 0.20000 0.00000 0.00000 1.00000
1.00000 0.40000 0.80000 0.40000 0.00000 1.00000 0.00000
1.00000 0.40000 0.80000 0.60000 1.00000 0.00000 0.00000
1.00000 0.40000 0.80000 0.80000 1.00000 0.00000 0.00000
1.00000 0.40000 0.80000 1.00000 1.00000 0.00000 0.00000
1.00000 0.40000 1.00000 0.20000 0.00000 0.00000 1.00000
1.00000 0.40000 1.00000 0.40000 1.00000 0.00000 0.00000
1.00000 0.40000 1.00000 0.60000 1.00000 0.00000 0.00000
1.00000 0.40000 1.00000 0.80000 1.00000 0.00000 0.00000
1.00000 0.40000 1.00000 1.00000 1.00000 0.00000 0.00000
1.00000 0.60000 0.20000 0.20000 0.00000 0.00000 1.00000
1.00000 0.60000 0.20000 0.40000 0.00000 0.00000 1.00000
1.00000 0.60000 0.20000 0.60000 0.00000 0.00000 1.00000
1.00000 0.60000 0.20000 0.80000 0.00000 0.00000 1.00000
1.00000 0.60000 0.20000 1.00000 0.00000 0.00000 1.00000
1.00000 0.60000 0.40000 0.20000 0.00000 0.00000 1.00000
1.00000 0.60000 0.40000 0.40000 0.00000 0.00000 1.00000
1.00000 0.60000 0.40000 0.60000 0.00000 0.00000 1.00000
1.00000 0.60000 0.40000 0.80000 0.00000 0.00000 1.00000
1.00000 0.60000 0.40000 1.00000 0.00000 0.00000 1.00000
1.00000 0.60000 0.60000 0.20000 0.00000 0.00000 1.00000
1.00000 0.60000 0.60000 0.40000 0.00000 0.00000 1.00000
1.00000 0.60000 0.60000 0.60000 0.00000 0.00000 1.00000
1.00000 0.60000 0.60000 0.80000 0.00000 1.00000 0.00000
1.00000 0.60000 0.60000 1.00000 1.00000 0.00000 0.00000
