0.96246 0.21835 0.65096 0.34240 0.00000 0.00000 1.00000 0.00000
0.95563 0.63255 0.65229 0.34500 0.00000 0.00000 0.00000 1.00000
0.94832 0.62903 0.65362 0.34780 0.00000 0.00000 0.00000 1.00000
0.94100 0.62726 0.65494 0.35080 0.00000 0.00000 0.00000 1.00000
0.93320 0.62417 0.65627 0.35380 0.00000 0.00000 0.00000 1.00000
0.92491 0.62329 0.65727 0.35700 0.00000 0.00000 0.00000 1.00000
0.91711 0.62064 0.64200 0.36040 0.00000 0.00000 0.00000 1.00000
0.90931 0.62020 0.63769 0.36380 0.00000 0.00000 0.00000 1.00000
0.90102 0.61932 0.62807 0.36720 0.00000 0.00000 0.00000 1.00000
0.89274 0.61844 0.63835 0.37060 0.00000 0.00000 0.00000 1.00000
0.88493 0.61888 0.66191 0.37400 0.00000 0.00000 0.00000 1.00000
0.87665 0.61667 0.66291 0.37740 0.00000 0.00000 0.00000 1.00000
0.86836 0.61579 0.66092 0.38140 0.00000 0.00000 0.00000 1.00000
0.86007 0.61623 0.65660 0.38480 0.00000 0.00000 0.00000 1.00000
0.85227 0.61535 0.65163 0.38760 0.00000 0.00000 0.00000 1.00000
0.84447 0.61447 0.64831 0.39060 0.00000 0.00000 0.00000 1.00000
0.80302 0.61491 0.59390 0.39360 0.00000 0.00000 0.00000 1.00000
0.79522 0.62020 0.58626 0.39620 0.00000 0.00000 0.00000 1.00000
0.79376 0.61976 0.57863 0.39880 0.00000 0.00000 0.00000 1.00000
0.78596 0.61315 0.56735 0.40160 0.00000 0.00000 0.00000 1.00000
0.77816 0.61226 0.56105 0.40420 0.00000 0.00000 0.00000 1.00000
0.75914 0.61182 0.56337 0.40680 0.00000 0.00000 0.00000 1.00000
0.76012 0.61138 0.59920 0.40940 0.00000 0.00000 0.00000 1.00000
0.77084 0.61182 0.60219 0.41280 0.00000 0.00000 0.00000 1.00000
0.64944 0.95765 0.50995 0.43320 0.00000 0.00000 0.00000 1.00000
0.64505 0.96030 0.50464 0.43000 0.00000 0.00000 0.00000 1.00000
0.63969 0.96383 0.50033 0.43220 0.00000 0.00000 0.00000 1.00000
0.63384 0.96912 0.49569 0.52540 0.00000 0.00000 0.00000 1.00000
0.62604 0.97397 0.49137 0.52940 0.00000 0.00000 0.00000 1.00000
0.62116 0.98103 0.48673 0.44940 0.00000 0.00000 0.00000 1.00000
0.61482 0.98500 0.48374 0.45280 0.00000 0.00000 0.00000 1.00000
0.60995 0.98853 0.48009 0.46140 0.00000 0.00000 0.00000 1.00000
0.60556 0.99338 0.47611 0.46440 0.00000 0.00000 0.00000 1.00000
0.59776 0.99735 0.47246 0.46620 0.00000 0.00000 0.00000 1.00000
0.59142 1.00000 0.46914 0.65060 0.00000 0.00000 0.00000 1.00000
0.52170 0.39876 0.79429 1.00000 0.00000 0.00000 0.00000 1.00000
0.51292 0.39876 0.65262 0.25580 0.00000 0.00000 0.00000 1.00000
0.50512 0.40053 0.78699 0.31480 0.00000 0.00000 0.00000 1.00000
0.49634 0.40053 0.77969 0.32040 0.00000 0.00000 0.00000 1.00000
0.48805 0.39965 0.77870 0.32540 0.00000 0.00000 0.00000 1.00000
0.47928 0.40141 0.92336 0.32620 0.00000 0.00000 0.00000 1.00000
0.47148 0.41729 0.90411 0.26040 0.00000 0.00000 0.00000 1.00000
0.46514 0.43582 0.89947 1.00000 0.00000 0.00000 0.00000 1.00000
0.45734 0.40185 0.75514 0.27820 0.00000 0.00000 0.00000 1.00000
0.44954 0.40097 0.71466 0.36300 0.00000 0.00000 0.00000 1.00000
0.44222 0.40185 0.88885 0.47120 0.00000 0.00000 0.00000 1.00000
1.00000 0.62064 0.66125 0.32600 0.00000 0.00000 0.00000 1.00000
0.99464 0.61800 0.66224 0.32840 0.00000 0.00000 0.00000 1.00000
0.98879 0.61712 0.66291 0.33080 0.00000 0.00000 0.00000 1.00000
0.98245 0.61756 0.66357 0.33340 0.00000 0.00000 0.00000 1.00000
0.82253 0.19629 0.77372 0.08580 1.00000 0.00000 0.00000 0.00000
0.82253 0.19806 0.77372 0.08580 1.00000 0.00000 0.00000 0.00000
0.82253 0.19806 0.77439 0.08580 1.00000 0.00000 0.00000 0.00000
0.82253 0.19806 0.77439 0.08580 1.00000 0.00000 0.00000 0.00000
0.82253 0.19806 0.77439 0.08580 1.00000 0.00000 0.00000 0.00000
0.82204 0.19674 0.77439 0.08600 1.00000 0.00000 0.00000 0.00000
0.82106 0.19894 0.77306 0.08640 1.00000 0.00000 0.00000 0.00000
0.81911 0.19982 0.77206 0.08720 1.00000 0.00000 0.00000 0.00000
0.44271 0.21085 0.56403 0.09460 1.00000 0.00000 0.00000 0.00000
0.61921 0.21041 0.56569 0.09460 1.00000 0.00000 0.00000 0.00000
0.79912 0.20997 0.56636 0.09400 1.00000 0.00000 0.00000 0.00000
0.79863 0.20953 0.56802 0.09300 1.00000 0.00000 0.00000 0.00000
0.79815 0.20909 0.56901 0.09300 1.00000 0.00000 0.00000 0.00000
0.79766 0.20953 0.56636 0.09400 1.00000 0.00000 0.00000 0.00000
0.79717 0.20953 0.56603 0.09360 1.00000 0.00000 0.00000 0.00000
0.79717 0.20953 0.56603 0.09360 1.00000 0.00000 0.00000 0.00000
0.79717 0.20953 0.56702 0.09360 1.00000 0.00000 0.00000 0.00000
0.79717 0.20953 0.56702 0.09360 1.00000 0.00000 0.00000 0.00000
0.79620 0.20953 0.56636 0.09380 1.00000 0.00000 0.00000 0.00000
0.79425 0.20909 0.56669 0.09420 1.00000 0.00000 0.00000 0.00000
0.79181 0.20865 0.56536 0.09480 1.00000 0.00000 0.00000 0.00000
0.78888 0.20865 0.56238 0.09560 1.00000 0.00000 0.00000 0.00000
0.78547 0.20865 0.86131 0.09660 1.00000 0.00000 0.00000 0.00000
0.78450 0.20820 0.85899 0.09760 1.00000 0.00000 0.00000 0.00000
0.78157 0.20776 0.55806 0.09880 1.00000 0.00000 0.00000 0.00000
0.28084 0.20776 0.55408 0.10000 0.00000 1.00000 0.00000 0.00000
0.77084 0.20776 0.55143 0.10120 1.00000 0.00000 0.00000 0.00000
0.76646 0.20776 0.54877 0.10260 1.00000 0.00000 0.00000 0.00000
0.76158 0.20732 0.54612 0.10460 1.00000 0.00000 0.00000 0.00000
0.75719 0.20732 0.54313 0.10600 1.00000 0.00000 0.00000 0.00000
0.57484 0.20732 0.54114 0.10680 1.00000 0.00000 0.00000 0.00000
0.56899 0.20732 0.84307 0.10900 1.00000 0.00000 0.00000 0.00000
0.56509 0.20776 0.84107 0.11040 1.00000 0.00000 0.00000 0.00000
0.56119 0.20776 0.83908 0.11640 1.00000 0.00000 0.00000 0.00000
0.55729 0.20776 0.83809 0.11640 1.00000 0.00000 0.00000 0.00000
0.55388 0.20776 0.83709 0.11560 1.00000 0.00000 0.00000 0.00000
0.54998 0.20820 0.83543 0.11760 1.00000 0.00000 0.00000 0.00000
0.72014 0.20820 0.83212 0.11700 1.00000 0.00000 0.00000 0.00000
0.55046 0.20865 0.83013 0.11780 1.00000 0.00000 0.00000 0.00000
0.71039 0.20865 0.83013 0.11940 1.00000 0.00000 0.00000 0.00000
0.70600 0.20909 0.96251 0.12100 1.00000 0.00000 0.00000 0.00000
0.70112 0.20953 0.96052 0.12260 1.00000 0.00000 0.00000 0.00000
0.69625 0.21438 0.95886 0.12340 1.00000 0.00000 0.00000 0.00000
0.69137 0.21394 0.95720 0.12580 1.00000 0.00000 0.00000 0.00000
0.68698 0.21438 0.95521 0.11500 1.00000 0.00000 0.00000 0.00000
0.68211 0.21394 0.95421 0.11560 1.00000 0.00000 0.00000 0.00000
0.67772 0.21438 0.95255 0.13000 1.00000 0.00000 0.00000 0.00000
0.67284 0.21482 0.94957 0.13160 1.00000 0.00000 0.00000 0.00000
0.66797 0.21570 0.94791 0.13320 1.00000 0.00000 0.00000 0.00000
0.66358 0.21659 0.94625 0.13480 1.00000 0.00000 0.00000 0.00000
0.66017 0.21791 0.94526 0.13660 1.00000 0.00000 0.00000 0.00000
0.43784 0.28143 0.83743 0.22740 0.00000 1.00000 0.00000 0.00000
0.42955 0.28452 0.83311 0.23100 0.00000 1.00000 0.00000 0.00000
0.42126 0.28760 0.82913 0.23440 0.00000 1.00000 0.00000 0.00000
0.41297 0.29025 0.82515 0.23860 0.00000 1.00000 0.00000 0.00000
0.40468 0.29113 0.82117 0.24220 0.00000 1.00000 0.00000 0.00000
0.39737 0.29202 0.81752 0.24520 0.00000 1.00000 0.00000 0.00000
0.39054 0.29422 0.81420 0.24820 0.00000 1.00000 0.00000 0.00000
0.38615 0.29554 0.81287 0.24980 0.00000 1.00000 0.00000 0.00000
0.38615 0.29334 0.81354 0.24960 0.00000 1.00000 0.00000 0.00000
0.38762 0.29378 0.81918 0.24820 0.00000 1.00000 0.00000 0.00000
0.38810 0.29334 0.82648 0.24780 0.00000 1.00000 0.00000 0.00000
0.38810 0.29334 0.82780 0.24780 0.00000 1.00000 0.00000 0.00000
0.38810 0.29334 0.82415 0.24800 0.00000 1.00000 0.00000 0.00000
0.38957 0.29290 0.82216 0.24780 0.00000 1.00000 0.00000 0.00000
0.38957 0.29290 0.81719 0.24780 0.00000 1.00000 0.00000 0.00000
0.38908 0.29290 0.81851 0.24780 0.00000 1.00000 0.00000 0.00000
0.38957 0.29290 0.81752 0.24780 0.00000 1.00000 0.00000 0.00000
0.38908 0.29246 0.81918 0.24840 0.00000 1.00000 0.00000 0.00000
0.38859 0.29378 0.90942 0.14380 0.00000 1.00000 0.00000 0.00000
0.38615 0.29599 0.44924 0.14340 0.00000 1.00000 0.00000 0.00000
0.38567 0.30172 0.44891 0.14280 0.00000 1.00000 0.00000 0.00000
0.38518 0.29731 0.44891 0.14660 0.00000 1.00000 0.00000 0.00000
0.38469 0.29113 0.91208 0.14640 0.00000 1.00000 0.00000 0.00000
0.38420 0.29113 0.91141 0.16100 0.00000 1.00000 0.00000 0.00000
0.38372 0.29069 0.91208 0.13920 0.00000 1.00000 0.00000 0.00000
0.38323 0.29157 0.91175 0.13780 0.00000 1.00000 0.00000 0.00000
0.38274 0.29334 0.44891 0.15320 0.00000 1.00000 0.00000 0.00000
0.38420 0.31628 0.44658 0.14800 0.00000 1.00000 0.00000 0.00000
0.38372 0.36745 0.44658 0.13540 0.00000 1.00000 0.00000 0.00000
0.38518 0.34363 0.44625 0.13400 0.00000 1.00000 0.00000 0.00000
0.39688 0.29466 0.44526 0.13340 0.00000 1.00000 0.00000 0.00000
0.39347 0.35686 0.44526 0.13220 0.00000 1.00000 0.00000 0.00000
0.38323 0.35509 0.44459 0.13180 0.00000 1.00000 0.00000 0.00000
0.38274 0.35465 0.44691 0.12940 0.00000 1.00000 0.00000 0.00000
0.38372 0.37671 0.43232 0.12940 0.00000 1.00000 0.00000 0.00000
0.38567 0.35289 0.44891 0.12920 0.00000 1.00000 0.00000 0.00000
0.38713 0.34671 0.44691 0.12780 0.00000 1.00000 0.00000 0.00000
0.39688 0.34407 0.44625 0.12720 0.00000 1.00000 0.00000 0.00000
0.42906 0.34230 0.44658 0.12640 0.00000 1.00000 0.00000 0.00000
0.36714 0.20159 0.77074 0.08840 0.00000 1.00000 0.00000 0.00000
0.36275 0.20379 0.77007 0.08980 0.00000 1.00000 0.00000 0.00000
0.35836 0.20600 0.76808 0.09140 0.00000 1.00000 0.00000 0.00000
0.35544 0.20688 0.76642 0.09300 0.00000 1.00000 0.00000 0.00000
0.35251 0.21041 0.76410 0.09440 0.00000 1.00000 0.00000 0.00000
0.36909 0.21173 0.76443 0.09520 0.00000 1.00000 0.00000 0.00000
0.37055 0.21306 0.76510 0.09520 0.00000 1.00000 0.00000 0.00000
0.36909 0.21262 0.76543 0.09480 0.00000 1.00000 0.00000 0.00000
0.37104 0.21262 0.56403 0.09460 0.00000 1.00000 0.00000 0.00000
0.37153 0.21262 0.56304 0.09460 0.00000 1.00000 0.00000 0.00000
0.37299 0.21262 0.56304 0.09460 0.00000 1.00000 0.00000 0.00000
0.39590 0.21217 0.56470 0.09460 0.00000 1.00000 0.00000 0.00000
0.39688 0.21173 0.56403 0.09460 0.00000 1.00000 0.00000 0.00000
0.39542 0.21129 0.56337 0.09460 0.00000 1.00000 0.00000 0.00000
0.69283 0.21923 0.47379 0.16560 0.00000 0.00000 1.00000 0.00000
0.69283 0.22056 0.47313 0.16800 0.00000 0.00000 1.00000 0.00000
0.68942 0.22232 0.49967 0.16980 0.00000 0.00000 1.00000 0.00000
0.68454 0.22364 0.47412 0.25780 0.00000 0.00000 1.00000 0.00000
0.67918 0.22541 0.47147 0.25940 0.00000 0.00000 1.00000 0.00000
0.67333 0.22717 0.47113 0.26240 0.00000 0.00000 1.00000 0.00000
0.66699 0.22938 0.48839 0.26520 0.00000 0.00000 1.00000 0.00000
0.65968 0.23202 0.52389 0.18060 0.00000 0.00000 1.00000 0.00000
0.63823 0.23423 0.52455 0.25820 0.00000 0.00000 1.00000 0.00000
0.63042 0.23732 0.46948 0.18680 0.00000 0.00000 1.00000 0.00000
0.62067 0.24041 0.53351 0.18700 0.00000 0.00000 1.00000 0.00000
0.62750 0.24305 0.50000 0.19100 0.00000 0.00000 1.00000 0.00000
0.61872 0.24658 0.49867 0.19520 0.00000 0.00000 1.00000 0.00000
0.59483 0.24967 0.53915 0.20140 0.00000 0.00000 1.00000 0.00000
0.58606 0.25320 0.53816 0.20500 0.00000 0.00000 1.00000 0.00000
0.57679 0.25629 0.52322 0.29640 0.00000 0.00000 1.00000 0.00000
0.56802 0.25981 0.50630 0.30040 0.00000 0.00000 1.00000 0.00000
0.55729 0.26334 0.51758 0.30500 0.00000 0.00000 1.00000 0.00000
0.54998 0.26643 0.50664 0.30880 0.00000 0.00000 1.00000 0.00000
0.53925 0.26996 0.50929 0.19020 0.00000 0.00000 1.00000 0.00000
0.53145 0.27305 0.51228 0.19520 0.00000 0.00000 1.00000 0.00000
0.52072 0.27658 0.51659 0.19940 0.00000 0.00000 1.00000 0.00000
0.51146 0.28011 0.58593 0.32440 0.00000 0.00000 1.00000 0.00000
0.50219 0.28319 0.59257 0.32840 0.00000 0.00000 1.00000 0.00000
0.49342 0.28672 0.62508 0.31340 0.00000 0.00000 1.00000 0.00000
0.48464 0.28981 0.53451 0.31500 0.00000 0.00000 1.00000 0.00000
0.47538 0.29290 0.66523 0.32040 0.00000 0.00000 1.00000 0.00000
0.46660 0.29643 0.54910 0.30900 0.00000 0.00000 1.00000 0.00000
0.45929 0.29951 0.69642 0.32900 0.00000 0.00000 1.00000 0.00000
0.57192 0.30260 1.00000 0.31700 0.00000 0.00000 1.00000 0.00000
0.56558 0.30657 0.99768 0.33700 0.00000 0.00000 1.00000 0.00000
0.55973 0.30966 0.72827 0.32420 0.00000 0.00000 1.00000 0.00000
0.55534 0.31187 0.72926 0.36480 0.00000 0.00000 1.00000 0.00000
0.54998 0.30966 0.76111 0.31420 0.00000 0.00000 1.00000 0.00000
0.54900 0.31054 0.75448 0.31880 0.00000 0.00000 1.00000 0.00000
0.71819 0.31319 0.75747 0.25380 0.00000 0.00000 1.00000 0.00000
0.70892 0.31451 0.75846 0.25740 0.00000 0.00000 1.00000 0.00000
0.69917 0.31716 0.98076 0.34680 0.00000 0.00000 1.00000 0.00000
0.68844 0.32025 0.97843 0.34640 0.00000 0.00000 1.00000 0.00000
0.51828 0.32333 0.72727 0.35020 0.00000 0.00000 1.00000 0.00000
0.51195 0.32686 0.76576 0.34980 0.00000 0.00000 1.00000 0.00000
0.50707 0.32995 0.97147 0.35300 0.00000 0.00000 1.00000 0.00000
0.50219 0.33348 0.76410 0.25460 0.00000 0.00000 1.00000 0.00000
0.49781 0.33657 0.76908 0.25820 0.00000 0.00000 1.00000 0.00000
0.49293 0.34010 0.77074 0.36540 0.00000 0.00000 1.00000 0.00000
0.47928 0.34407 0.78733 0.34020 0.00000 0.00000 1.00000 0.00000
0.47977 0.34407 0.78699 0.34000 0.00000 0.00000 1.00000 0.00000
0.47928 0.34407 0.78898 0.32040 0.00000 0.00000 1.00000 0.00000
0.47928 0.34407 0.78998 0.34020 0.00000 0.00000 1.00000 0.00000
0.47830 0.34407 0.79197 0.34060 0.00000 0.00000 1.00000 0.00000
