0.438 0.498 3.625 3.645 5.000 2.918 5.000 2.351 2.332 2.643 1.698 1.687 1.698 1.717 1.744 0.593 0.502 0.493 0.504 0.445 0.431 0.444 0.440 0.429 1 0 0 0
0.438 0.498 3.625 3.648 5.000 2.918 5.000 2.637 2.332 2.649 1.695 1.687 1.695 1.720 1.744 0.592 0.502 0.493 0.504 0.449 0.431 0.444 0.443 0.429 1 0 0 0
0.438 0.498 3.625 3.629 5.000 2.918 5.000 2.637 2.334 2.643 1.696 1.687 1.695 1.717 1.744 0.593 0.502 0.493 0.504 0.449 0.431 0.444 0.446 0.429 1 0 0 0
0.437 0.501 3.625 3.626 5.000 2.918 5.000 2.353 2.334 2.642 1.730 1.687 1.695 1.717 1.744 0.593 0.502 0.493 0.504 0.449 0.431 0.444 0.444 0.429 1 0 0 0
0.438 0.498 3.626 3.629 5.000 2.918 5.000 2.640 2.334 2.639 1.696 1.687 1.695 1.717 1.744 0.592 0.502 0.493 0.504 0.449 0.431 0.444 0.441 0.429 1 0 0 0
0.439 0.498 3.626 3.629 5.000 2.918 5.000 2.633 2.334 2.645 1.705 1.686 1.694 1.719 1.744 0.589 0.502 0.493 0.504 0.446 0.431 0.444 0.444 0.430 1 0 0 0
0.440 5.000 3.627 3.628 5.000 2.919 3.028 2.346 2.330 2.638 1.727 1.684 1.692 1.714 1.745 0.588 0.501 0.492 0.504 0.451 0.433 0.446 0.444 0.432 1 0 0 0
0.444 5.021 3.631 3.634 5.000 2.919 5.000 2.626 2.327 2.638 1.698 1.680 1.688 1.709 1.740 0.595 0.500 0.491 0.503 0.453 0.436 0.448 0.444 0.436 1 0 0 0
0.479 5.000 5.020 3.662 2.945 2.931 2.942 2.997 1.700 2.313 1.654 1.642 1.644 1.270 0.908 0.616 0.490 0.478 0.489 0.503 0.460 0.460 0.478 0.473 1 0 0 0
0.481 0.508 5.021 3.660 2.954 2.936 2.946 2.966 1.705 2.313 1.654 1.643 1.643 1.270 1.689 0.678 0.493 0.477 0.483 0.497 0.467 0.459 0.476 0.473 1 0 0 0
0.486 0.510 0.522 3.662 2.958 2.938 2.939 2.627 1.707 2.314 1.659 1.643 1.639 1.665 1.702 0.696 0.516 0.476 0.477 0.547 0.465 0.457 0.470 0.474 1 0 0 0
0.479 0.521 0.520 3.663 2.954 2.938 2.941 2.957 1.712 2.314 1.660 1.643 1.638 1.660 1.758 0.688 0.534 0.475 0.475 0.489 0.461 0.456 0.465 0.474 1 0 0 0
0.480 0.554 0.521 3.664 2.954 2.938 2.941 2.632 1.715 2.313 1.660 1.643 1.637 1.656 1.761 0.687 0.553 0.475 0.474 0.558 0.462 0.453 0.465 0.476 1 0 0 0
0.481 0.511 5.023 3.665 2.954 2.937 2.941 2.627 1.707 2.312 1.660 1.641 1.636 1.655 1.756 0.687 0.545 0.475 0.475 0.504 0.463 0.458 0.470 0.477 1 0 0 0
0.482 0.528 0.524 3.665 2.953 2.937 2.940 2.629 1.706 2.312 1.657 1.640 1.635 1.654 1.756 0.566 0.549 0.475 0.476 0.505 0.464 0.459 0.468 0.477 1 0 0 0
0.482 0.529 0.521 3.665 2.956 2.940 2.940 2.627 1.706 2.312 1.656 1.640 1.635 1.654 1.756 0.566 0.556 0.475 0.476 0.502 0.463 0.459 0.468 0.477 1 0 0 0
0.482 0.525 0.524 3.665 2.953 2.940 2.940 2.630 1.709 2.311 1.660 1.640 1.635 1.654 1.756 0.563 0.542 0.475 0.476 0.488 0.464 0.459 0.468 0.478 1 0 0 0
0.482 0.512 0.524 3.665 2.953 2.940 2.940 2.629 1.709 2.311 1.660 1.640 1.635 1.654 1.755 0.563 0.545 0.475 0.475 0.485 0.464 0.459 0.468 0.478 1 0 0 0
0.484 0.514 0.525 3.667 2.954 2.938 2.941 2.957 1.707 2.310 1.658 1.638 1.633 1.652 1.753 0.682 0.535 0.475 0.475 0.544 0.465 0.457 0.469 0.483 1 0 0 0
0.487 0.533 0.525 3.669 2.955 2.941 2.938 2.958 1.708 2.307 1.652 1.635 1.629 1.648 1.749 0.535 0.541 0.474 0.474 0.525 0.468 0.459 0.471 0.483 1 0 0 0
0.492 0.537 0.532 3.673 2.956 2.942 2.942 3.472 1.704 2.304 1.647 1.630 1.624 1.646 1.744 0.526 0.545 0.474 0.473 0.486 0.471 0.462 0.474 0.488 1 0 0 0
0.494 0.539 0.538 3.677 2.956 2.942 2.939 3.053 1.695 2.298 1.645 1.624 1.618 1.639 1.780 0.526 0.530 0.474 0.473 0.542 0.476 0.467 0.478 0.498 1 0 0 0
0.501 0.539 5.024 3.681 2.960 2.943 2.942 3.738 2.596 2.294 1.635 1.617 1.611 1.635 1.728 0.523 0.541 0.474 0.473 0.495 0.481 0.472 0.483 0.505 1 0 0 0
0.509 0.546 5.028 3.687 5.000 2.944 2.942 2.963 2.589 2.286 1.634 1.610 1.609 1.621 1.662 0.526 0.541 0.477 0.472 0.488 0.487 0.477 0.488 0.513 1 0 0 0
0.517 0.554 5.025 3.695 2.969 2.945 2.943 2.986 1.682 2.280 1.633 1.604 1.603 1.611 1.646 0.524 0.553 0.487 0.471 0.483 0.493 0.483 0.494 0.525 1 0 0 0
0.535 0.568 0.670 3.707 5.000 2.949 2.943 2.588 1.662 2.266 5.000 1.586 1.581 1.592 1.620 0.699 0.542 0.476 0.471 0.482 0.500 0.497 0.506 0.540 1 0 0 0
0.544 0.559 5.029 3.712 5.000 2.948 2.943 2.582 1.654 1.648 5.000 1.580 1.572 1.579 1.607 0.525 0.572 0.476 0.471 0.482 0.514 0.504 0.513 0.553 1 0 0 0
0.553 0.565 5.026 3.718 5.000 2.948 2.943 2.577 1.646 1.640 5.000 1.571 1.562 1.570 1.597 0.526 0.592 0.476 0.470 0.482 0.521 0.511 0.523 0.567 1 0 0 0
0.562 0.574 5.026 3.728 3.757 2.949 2.943 1.661 1.637 1.631 5.000 1.561 1.553 1.560 1.587 0.701 0.558 0.476 0.470 0.481 0.529 0.518 0.530 0.573 1 0 0 0
0.572 0.583 5.023 3.731 3.777 2.953 2.943 2.960 1.631 1.625 5.000 1.554 1.542 1.553 1.179 0.689 0.580 0.477 0.470 0.481 0.537 0.525 0.534 0.581 1 0 0 0
0.582 0.593 5.029 3.740 3.786 2.956 2.943 2.953 2.541 2.231 1.558 1.541 1.532 1.542 1.167 0.742 0.573 0.477 0.470 0.481 0.548 0.536 0.545 0.590 1 0 0 0
0.591 0.599 5.000 3.003 3.791 2.960 2.943 2.959 2.535 2.224 1.552 1.531 1.522 1.529 1.159 0.729 0.530 0.477 0.471 0.480 0.556 0.541 0.552 0.600 1 0 0 0
0.600 0.608 5.028 3.001 3.769 2.967 2.943 2.953 2.529 2.217 5.000 1.523 1.513 1.519 1.151 0.730 0.570 0.477 0.471 0.481 0.576 0.551 0.582 0.609 1 0 0 0
0.604 0.620 5.028 3.001 3.765 5.000 2.943 2.952 2.526 2.211 1.532 1.511 1.504 1.510 1.143 0.817 0.564 0.478 0.471 0.481 0.595 0.558 0.582 0.619 1 0 0 0
0.607 0.628 5.000 2.998 3.770 5.000 2.942 2.954 2.523 2.204 1.524 1.502 1.495 1.501 1.136 1.621 0.576 0.478 0.471 0.481 0.609 0.566 0.578 0.628 1 0 0 0
0.617 0.634 5.000 3.771 3.772 5.000 2.942 2.957 2.518 1.574 1.515 1.493 1.486 1.491 1.128 1.616 0.584 0.478 0.472 0.481 0.507 0.573 0.588 0.637 1 0 0 0
0.623 0.643 5.000 3.777 3.774 5.000 2.942 3.673 2.508 1.562 1.509 1.484 1.477 1.482 1.589 1.607 0.578 0.479 0.472 0.481 5.000 0.584 0.585 0.647 1 0 0 0
0.627 0.652 5.000 3.786 3.779 5.000 2.941 5.000 2.502 1.554 1.498 1.475 1.467 1.472 1.129 0.754 0.583 0.480 0.473 0.481 0.500 0.592 0.589 0.656 1 0 0 0
0.630 0.665 5.000 3.830 3.788 2.961 2.941 5.000 2.502 2.176 1.489 1.466 1.457 1.459 1.572 0.748 0.599 0.492 0.473 0.482 0.500 0.600 0.597 0.663 1 0 0 0
0.644 0.674 5.000 5.017 3.790 5.000 2.940 5.000 2.901 2.171 1.483 1.456 1.448 1.452 1.563 1.574 0.589 0.490 0.474 0.482 0.500 0.616 0.605 0.674 1 0 0 0
0.670 0.684 5.000 5.016 3.795 2.954 2.939 5.000 2.895 2.164 1.476 1.447 1.438 1.439 1.554 1.571 0.627 0.491 0.475 0.483 0.501 0.751 0.613 0.636 1 0 0 0
0.689 0.690 0.723 5.016 3.834 2.957 2.942 5.000 2.890 2.156 5.019 1.440 1.428 1.429 1.545 1.562 0.630 0.493 0.487 0.486 0.504 0.625 0.617 0.640 1 0 0 0
0.699 0.704 5.000 5.015 3.809 5.000 2.942 5.000 2.885 2.149 1.462 1.431 1.418 1.419 1.472 1.552 0.642 0.494 0.485 0.487 0.653 0.773 0.629 0.651 1 0 0 0
0.706 0.724 2.546 5.013 3.810 5.000 2.941 2.963 2.879 2.141 5.018 1.421 1.412 1.409 1.437 1.540 0.632 0.495 0.486 0.487 0.502 5.000 0.575 0.652 1 0 0 0
0.716 0.734 5.000 5.012 3.812 5.000 2.943 2.898 2.876 2.143 5.017 1.412 1.399 1.400 1.417 1.534 0.631 0.496 0.487 0.485 0.502 5.000 0.578 0.654 1 0 0 0
0.729 0.726 5.000 5.012 3.820 5.000 5.000 2.947 2.871 2.129 5.019 1.406 1.390 1.393 1.411 1.523 0.639 0.501 0.488 0.486 5.000 0.661 0.650 0.662 1 0 0 0
0.735 0.736 0.787 5.010 3.822 5.000 2.941 2.939 2.862 2.122 2.126 1.397 1.380 1.383 1.404 1.423 0.663 0.502 0.490 0.487 0.686 0.670 0.658 0.669 1 0 0 0
0.744 0.751 5.000 5.013 3.826 5.000 2.941 2.934 2.857 2.115 2.115 1.388 1.374 1.370 1.394 1.413 0.659 0.504 0.491 0.489 0.700 0.678 0.666 0.677 1 0 0 0
0.757 0.753 5.000 5.011 3.830 5.000 2.939 2.932 2.852 2.110 2.104 1.380 1.365 1.361 1.384 1.409 0.665 0.506 0.496 0.491 0.514 0.690 0.674 0.685 1 0 0 0
0.719 0.766 0.813 5.010 3.835 5.000 2.941 2.930 2.849 2.415 2.098 1.374 1.356 1.354 1.370 1.406 0.541 0.542 0.498 0.494 0.508 0.696 0.683 0.693 1 0 0 0
0.451 5.025 3.635 3.639 5.000 2.920 3.027 2.620 2.323 2.632 1.706 1.673 1.681 1.703 0.753 0.595 0.499 0.491 0.502 0.457 0.440 0.453 0.454 0.442 0 1 0 0
0.458 5.022 3.640 3.644 5.000 2.922 5.000 2.346 2.321 2.628 1.688 1.666 1.674 1.696 0.744 0.590 0.496 0.490 0.498 0.462 0.444 0.458 0.461 0.449 0 1 0 0
0.465 0.525 3.646 3.670 5.000 2.923 5.000 2.611 2.315 2.631 1.674 1.658 1.666 1.688 0.735 0.593 0.495 0.488 0.497 0.467 0.449 0.462 0.469 0.457 0 1 0 0
0.473 0.533 3.652 3.676 5.000 2.925 5.000 2.607 2.310 2.623 1.669 1.651 1.659 1.684 0.729 0.578 0.496 0.487 0.498 0.469 0.454 0.467 0.476 0.465 0 1 0 0
0.481 0.544 3.658 3.678 5.000 2.926 5.000 2.606 2.303 2.619 1.668 1.643 1.651 1.275 0.723 0.581 0.495 0.486 0.497 0.477 0.459 0.472 0.484 0.472 0 1 0 0
0.484 0.544 3.661 3.665 5.000 2.928 5.000 2.321 2.304 5.022 1.647 1.639 1.646 1.270 0.757 0.623 0.493 0.484 0.495 0.480 0.461 0.474 0.485 0.476 0 1 0 0
0.484 0.532 3.669 3.662 2.945 2.926 5.000 2.326 2.306 2.620 1.648 1.639 1.646 1.270 0.760 0.533 0.493 0.483 0.494 0.507 0.461 0.473 0.486 0.476 0 1 0 0
0.482 0.520 3.685 3.664 2.952 2.927 5.000 2.981 2.307 2.329 1.650 1.640 1.644 1.268 0.757 0.533 0.492 0.482 0.492 0.513 0.459 0.474 0.485 0.474 0 1 0 0
0.481 0.522 3.682 3.661 2.955 2.927 2.957 2.984 1.700 2.622 1.651 1.641 1.645 1.272 0.761 0.530 0.492 0.482 0.492 0.513 0.462 0.486 0.483 0.473 0 1 0 0
0.480 0.525 3.694 3.664 2.948 2.926 2.950 2.995 1.697 2.619 1.651 1.642 1.646 1.269 0.762 0.530 0.493 0.482 0.492 0.516 0.462 0.486 0.483 0.473 0 1 0 0
0.481 0.515 5.018 3.664 2.956 2.927 2.947 2.993 1.697 2.622 1.651 1.641 1.645 1.269 0.765 0.592 0.489 0.482 0.495 0.531 0.462 0.499 0.483 0.473 0 1 0 0
0.479 5.000 3.696 3.661 2.953 2.927 2.944 2.993 1.702 2.622 1.649 1.642 1.645 1.269 0.812 0.588 0.489 0.481 0.491 0.510 0.462 0.481 0.483 0.473 0 1 0 0
0.480 0.506 5.019 3.665 2.941 2.929 2.945 2.981 1.700 2.616 1.652 1.642 1.645 1.271 0.814 0.643 0.491 0.480 0.493 0.524 0.461 0.469 0.484 0.473 0 1 0 0
0.479 5.000 5.019 3.661 2.943 2.930 2.942 2.996 1.698 2.312 1.653 1.642 1.644 1.274 0.811 0.617 0.491 0.479 0.491 0.575 0.461 0.465 0.484 0.473 0 1 0 0
1.219 1.212 1.235 4.667 4.024 5.000 5.000 2.764 2.524 2.037 1.678 0.932 0.909 0.898 0.910 0.929 1.182 0.668 0.648 0.638 0.648 5.000 1.141 1.137 0 1 0 0
1.236 1.229 1.242 4.664 4.034 5.000 2.783 2.757 2.511 1.672 1.662 0.915 0.892 0.881 0.894 0.912 0.940 0.674 0.655 0.645 0.656 5.000 1.158 1.155 0 1 0 0
1.213 1.246 1.271 4.666 4.075 5.000 2.776 2.750 2.499 1.650 1.644 0.898 0.875 0.864 0.874 0.893 1.165 0.828 0.661 0.652 0.662 5.000 1.176 1.172 0 1 0 0
1.227 1.263 1.275 4.668 4.098 5.000 2.769 2.743 2.487 1.634 1.627 0.881 0.858 0.847 0.857 0.876 0.906 0.823 0.671 0.658 0.669 0.829 1.197 1.193 0 1 0 0
1.283 1.276 1.286 4.670 4.086 5.000 2.769 2.739 2.475 1.618 1.612 0.864 0.841 0.830 0.840 0.859 0.886 0.820 0.668 0.660 0.675 0.810 1.217 1.211 0 1 0 0
1.260 1.295 2.208 4.675 4.093 5.000 5.000 2.733 2.464 1.601 1.601 0.852 0.826 0.815 0.824 0.846 0.870 0.692 0.672 0.662 0.677 0.822 1.233 1.226 0 1 0 0
1.260 1.309 2.391 4.679 4.092 5.000 5.000 2.727 2.454 1.588 1.589 0.836 0.812 0.801 0.810 0.832 0.860 0.698 0.674 0.667 0.686 5.000 1.251 1.241 0 1 0 0
1.264 1.314 1.323 4.681 4.104 5.000 5.000 2.725 2.450 1.584 1.581 0.825 0.804 0.792 0.801 0.898 0.846 0.702 0.678 0.670 0.691 5.000 5.000 1.249 0 1 0 0
1.260 1.295 1.310 5.000 4.885 5.000 5.000 2.727 2.452 1.967 1.581 0.826 0.804 0.792 0.806 0.893 1.128 0.708 0.680 0.665 0.692 0.842 5.000 1.248 0 1 0 0
1.252 1.276 1.301 1.344 4.099 5.000 5.000 2.730 2.469 2.454 1.584 0.833 0.811 0.795 0.866 0.880 1.129 1.133 0.682 0.666 0.699 0.786 5.000 1.241 0 1 0 0
1.250 1.274 1.299 1.342 4.099 5.000 5.000 2.731 2.491 2.456 1.582 0.837 0.812 0.796 0.811 0.881 1.129 0.878 0.680 0.665 0.697 0.781 5.000 1.239 0 1 0 0
1.250 1.274 1.302 1.335 4.897 5.000 5.000 2.731 2.495 1.972 1.582 0.835 0.812 0.796 0.804 0.884 1.129 1.132 0.681 0.665 0.691 0.785 5.000 1.239 0 1 0 0
1.250 1.274 1.299 1.336 4.893 5.000 5.000 2.731 2.484 1.975 1.582 0.837 0.815 0.796 0.807 0.883 1.129 1.132 0.684 0.665 0.697 0.785 5.000 1.240 0 1 0 0
1.250 1.273 1.301 1.333 4.891 5.000 5.000 2.732 2.478 2.453 1.582 0.840 0.815 0.799 0.803 0.894 1.128 0.882 0.687 0.664 0.694 0.771 5.000 1.239 0 1 0 0
1.250 1.272 1.318 1.332 4.898 4.766 5.000 2.733 2.463 1.977 1.579 0.869 0.846 0.799 0.800 0.825 1.128 1.127 0.687 0.664 0.696 0.774 5.000 1.239 0 1 0 0
1.249 1.269 1.318 1.335 4.896 4.763 5.000 2.733 2.467 2.453 1.582 1.075 0.822 0.798 0.799 0.851 1.127 1.127 0.687 0.664 0.696 0.777 5.000 1.239 0 1 0 0
1.248 1.274 1.318 1.331 4.890 4.763 5.000 2.737 2.464 2.457 1.582 4.893 0.846 0.799 0.799 0.820 1.032 1.126 1.449 0.664 0.702 0.776 4.774 1.239 0 1 0 0
1.251 1.273 1.318 1.331 4.093 4.766 5.000 2.739 2.469 2.457 1.583 1.085 0.850 0.798 0.798 0.811 1.035 1.125 1.151 0.663 0.707 0.779 4.771 1.242 0 1 0 0
1.332 1.274 1.319 1.330 4.885 4.763 5.000 2.741 3.396 1.596 1.580 1.603 0.855 0.802 0.797 0.810 1.033 0.870 1.148 0.666 0.678 0.702 0.719 0.747 0 1 0 0
0.766 5.000 1.319 1.330 1.354 4.093 5.000 2.746 2.756 1.598 1.581 1.610 0.849 0.805 0.792 0.805 0.853 1.122 0.799 0.671 0.672 0.689 0.717 0.741 0 1 0 0
0.763 1.337 1.319 1.327 1.353 4.098 5.000 2.828 3.415 2.459 1.585 5.000 0.923 0.900 0.791 0.803 0.831 1.121 0.684 0.762 0.671 0.684 0.714 0.737 0 1 0 0
0.758 1.334 1.320 1.327 1.353 4.765 5.000 2.830 2.290 2.461 1.586 5.000 0.930 0.824 0.790 0.801 0.828 1.122 0.683 0.674 0.659 0.681 0.884 0.733 0 1 0 0
1.246 1.332 1.320 1.327 4.692 4.110 5.000 2.829 2.749 2.463 1.587 5.000 0.927 0.801 0.789 0.800 0.822 1.115 0.683 0.660 0.654 0.678 0.834 0.732 0 1 0 0
0.753 1.282 1.318 1.327 4.697 4.115 5.000 2.834 2.747 2.464 1.589 1.596 0.828 0.798 0.788 0.797 0.819 1.113 0.687 0.660 0.650 0.672 0.805 5.000 0 1 0 0
1.241 1.276 1.323 1.331 4.695 4.114 5.000 2.846 2.749 2.466 1.594 1.594 4.901 0.798 0.787 0.796 0.823 0.723 0.687 0.659 0.648 0.676 0.696 0.723 0 1 0 0
1.237 1.346 1.324 1.360 4.698 4.106 4.788 2.762 2.748 2.471 1.985 1.594 5.000 0.802 0.786 0.797 0.814 0.724 0.688 0.661 0.647 5.000 0.689 5.000 0 1 0 0
1.237 1.251 1.326 1.365 1.353 4.109 4.771 5.000 2.753 2.897 2.472 1.594 5.000 0.804 0.785 0.798 0.818 0.726 0.698 0.665 0.645 0.699 0.766 4.779 0 1 0 0
1.237 5.000 1.328 1.328 1.346 4.097 4.768 5.000 2.756 2.295 2.345 0.884 1.605 0.808 0.788 0.786 0.813 0.851 1.109 0.717 0.644 0.662 0.740 4.773 0 1 0 0
0.740 5.000 1.333 1.329 1.346 4.152 4.099 5.000 2.758 2.761 2.470 1.584 5.000 5.000 0.787 0.784 0.823 0.833 0.868 1.132 0.647 0.654 0.677 4.770 0 1 0 0
0.728 5.000 1.339 1.330 1.345 1.366 4.111 5.000 5.000 2.298 1.605 1.588 5.000 5.000 0.790 0.782 0.796 0.819 1.104 0.779 0.650 0.654 0.670 0.882 0 1 0 0
5.000 5.000 5.000 1.331 1.342 1.365 4.154 5.000 2.845 2.759 1.609 1.589 5.000 5.000 0.814 0.779 0.790 0.812 1.102 0.668 0.653 0.642 0.667 0.885 0 1 0 0
0.725 1.250 1.344 1.332 1.342 4.707 4.124 5.000 5.000 2.760 1.611 1.593 0.836 4.900 0.807 0.778 0.784 0.809 1.098 1.825 0.646 0.640 0.661 0.689 0 1 0 0
1.392 1.246 1.346 1.334 1.340 1.364 4.119 5.000 2.859 2.761 2.474 1.594 1.601 4.901 0.786 0.776 0.785 0.805 1.095 1.135 0.642 0.636 0.659 0.682 0 1 0 0
0.700 1.246 1.349 1.336 1.347 1.367 4.136 5.000 5.000 2.763 2.475 1.595 1.596 5.000 0.785 0.774 0.785 0.804 1.095 1.114 0.642 0.634 0.647 0.682 0 1 0 0
0.695 0.746 5.000 1.280 1.303 4.713 4.908 4.788 5.000 2.765 2.480 1.599 1.588 5.000 0.787 0.772 0.791 0.854 1.093 1.097 0.645 0.633 0.647 0.674 0 1 0 0
0.693 0.734 5.000 1.343 1.353 5.000 5.000 1.423 5.000 2.773 2.588 1.602 1.490 1.609 0.791 0.771 0.775 0.800 1.091 1.090 0.649 0.636 0.646 0.763 0 1 0 0
0.685 0.732 5.000 1.346 1.347 5.000 4.907 1.415 5.000 5.000 3.391 1.996 1.490 1.604 0.794 0.773 0.772 0.786 1.088 0.848 0.680 0.635 0.639 0.723 0 1 0 0 
0.781 5.000 1.290 1.358 1.347 1.355 4.724 1.405 5.000 2.866 2.777 1.607 1.593 5.000 5.000 0.774 0.762 0.774 0.795 0.823 0.651 0.636 0.627 0.658 0 0 1 0
0.683 0.714 1.259 1.358 1.349 1.355 4.735 1.404 5.000 2.865 2.788 1.608 1.593 5.000 5.000 0.770 0.760 0.770 0.791 1.081 0.655 0.636 0.626 0.652 0 0 1 0
0.673 0.704 1.252 1.275 1.351 1.356 4.730 1.413 5.000 5.000 2.773 2.479 1.593 1.601 5.000 0.769 0.758 0.765 0.791 1.078 0.652 0.635 0.625 0.641 0 0 1 0
0.753 0.697 1.253 1.360 1.353 1.463 4.725 1.404 5.000 5.000 2.773 2.479 1.593 1.593 5.000 0.767 0.756 0.765 0.856 0.813 0.654 0.636 0.624 0.636 0 0 1 0
0.728 0.693 1.255 1.362 1.355 1.467 4.725 1.401 5.000 5.000 2.772 2.478 1.592 1.592 5.000 0.766 0.754 0.763 0.848 0.808 0.655 0.640 0.625 0.634 0 0 1 0
0.729 0.695 1.256 1.365 1.355 1.371 4.727 1.407 5.000 5.000 2.771 2.476 1.591 1.591 4.920 0.766 0.754 0.763 0.850 0.808 0.657 0.642 0.627 0.639 0 0 1 0
0.761 0.700 1.257 1.361 1.351 1.365 4.729 1.414 5.000 5.000 2.769 2.475 1.590 1.590 4.910 0.766 0.755 0.763 0.857 0.809 0.660 0.640 0.628 0.641 0 0 1 0
0.758 0.702 1.258 1.362 1.352 1.363 5.000 1.412 5.000 5.000 2.768 2.470 1.588 1.589 5.000 0.766 0.754 0.763 0.857 0.812 0.659 0.641 0.630 0.642 0 0 1 0
0.766 0.706 1.265 1.364 1.357 1.368 5.000 1.417 5.000 5.000 2.764 2.462 1.586 1.589 4.903 0.763 0.752 0.758 1.113 1.080 0.663 0.645 0.634 0.646 0 0 1 0
0.774 0.713 1.268 1.366 1.356 1.367 5.000 1.413 5.000 5.000 2.756 2.458 1.576 1.579 4.899 0.762 0.750 0.759 0.903 0.802 0.669 0.652 0.641 0.653 0 0 1 0
0.783 0.722 1.273 1.288 1.362 1.380 5.000 1.410 5.000 5.000 2.747 2.448 1.566 1.566 5.000 0.758 0.746 0.753 0.850 0.798 0.679 0.661 0.650 0.659 0 0 1 0
0.805 0.736 1.284 1.295 1.367 1.378 5.000 1.414 5.000 5.000 2.736 2.436 1.557 1.555 5.000 0.754 0.742 0.751 0.848 0.796 0.691 0.677 0.662 0.670 0 0 1 0
0.810 5.000 1.296 1.308 1.373 1.419 5.000 1.425 5.000 2.825 2.723 2.421 1.543 1.540 0.932 0.749 0.736 0.745 0.770 0.790 0.707 0.690 0.675 0.683 0 0 1 0
0.828 5.000 1.306 1.317 1.379 1.389 5.000 1.427 5.000 5.000 2.709 2.406 1.528 1.525 5.000 0.743 0.730 0.739 0.835 0.780 0.723 0.705 0.689 0.701 0 0 1 0
0.848 5.000 1.320 1.332 1.385 1.407 5.000 4.090 5.000 5.000 2.693 2.390 1.512 1.508 5.000 0.737 0.725 0.733 0.833 1.110 0.738 0.720 0.705 0.716 0 0 1 0
0.862 5.000 1.335 1.347 1.391 1.420 5.000 4.083 5.000 5.000 2.677 2.372 1.498 1.494 5.000 0.731 0.718 0.727 0.845 1.045 0.755 0.737 0.722 0.734 0 0 1 0
0.771 5.000 1.350 1.362 1.397 1.429 5.000 4.073 5.000 5.000 2.660 2.354 1.483 1.473 5.000 0.725 0.712 0.721 0.752 1.128 0.776 0.754 0.739 0.775 0 0 1 0
0.786 1.470 1.366 1.378 1.403 1.445 5.000 4.066 5.000 5.000 2.645 2.338 1.462 1.454 5.000 0.718 0.706 0.715 0.851 1.134 0.794 0.772 0.757 0.797 0 0 1 0
0.801 5.000 1.383 1.395 1.409 2.277 5.000 4.059 5.000 5.000 2.627 2.318 1.831 1.438 5.000 0.711 0.699 0.707 0.862 0.754 0.813 0.791 0.776 0.792 0 0 1 0
0.823 5.000 1.399 1.411 1.415 2.274 5.000 4.051 5.000 5.000 2.608 2.298 1.811 1.419 5.000 0.708 0.692 0.700 0.869 0.747 0.829 0.814 0.795 0.804 0 0 1 0
0.842 1.485 1.417 1.432 1.425 2.279 5.000 4.044 5.000 5.000 2.589 2.278 1.791 1.399 5.000 0.702 0.685 0.694 0.719 0.895 0.855 0.830 0.814 0.827 0 0 1 0
0.859 5.000 1.434 1.443 1.432 2.290 5.000 4.036 5.000 5.000 2.570 2.257 1.770 1.379 5.000 0.691 0.678 0.690 0.777 0.733 0.875 0.853 0.834 0.851 0 0 1 0
1.022 5.000 1.452 1.467 1.438 2.276 5.000 4.029 5.000 5.000 2.551 2.236 1.715 1.358 5.000 0.687 0.671 0.683 0.711 0.881 0.891 0.873 0.854 0.864 0 0 1 0
1.039 5.000 1.469 1.479 1.445 3.121 5.000 4.021 5.000 5.000 2.534 2.208 1.697 1.338 5.000 0.677 0.665 0.673 0.708 0.716 0.918 0.890 0.874 0.885 0 0 1 0
1.804 5.000 1.524 1.537 1.472 4.523 5.000 4.001 5.000 5.000 2.478 2.136 1.633 1.276 5.000 0.656 0.643 0.652 0.674 0.899 0.973 0.955 0.936 0.951 0 0 1 0
1.009 5.000 1.542 1.555 1.526 3.096 5.000 3.991 5.000 5.000 2.468 2.115 1.619 1.255 5.000 0.648 0.636 0.645 1.815 0.910 0.993 0.975 0.956 0.975 0 0 1 0
1.583 1.568 1.560 1.573 1.538 4.505 5.000 3.987 5.000 5.000 5.000 2.091 1.592 1.233 4.724 0.641 0.628 0.638 0.657 0.685 1.013 0.995 0.976 0.988 0 0 1 0
1.604 1.585 1.578 1.591 1.547 4.498 5.000 3.977 5.000 5.000 1.937 2.073 1.575 1.212 5.000 0.633 0.621 0.627 0.650 0.921 1.035 1.014 0.996 1.031 0 0 1 0
1.267 1.603 1.595 1.612 1.555 4.489 5.000 3.974 5.000 5.000 1.918 2.053 1.554 1.193 5.000 0.626 0.614 0.623 5.000 0.926 1.280 1.034 1.015 1.055 0 0 1 0
1.272 1.617 1.612 1.629 1.561 5.000 5.000 3.968 5.000 5.000 1.938 2.034 1.541 1.174 5.000 0.619 0.607 0.613 0.732 0.659 1.289 1.055 1.034 1.051 0 0 1 0
1.268 1.633 1.629 1.649 1.573 4.472 5.000 3.962 5.000 5.000 1.875 1.820 1.519 1.156 5.000 0.612 0.600 0.607 0.629 0.652 1.304 1.071 1.052 1.073 0 0 1 0
1.276 1.649 1.645 1.661 1.584 4.458 5.000 3.959 5.000 5.000 1.857 1.992 1.497 1.138 5.000 0.605 0.594 0.600 5.000 0.649 1.109 1.092 1.070 1.142 0 0 1 0
1.297 1.664 1.660 1.677 3.117 4.450 5.000 3.954 5.000 5.000 1.840 1.975 1.480 1.121 5.000 0.599 0.588 0.594 0.620 0.962 1.123 1.105 1.087 1.105 0 0 1 0
1.318 1.676 1.675 1.688 3.114 4.443 5.000 5.000 5.000 5.000 1.824 1.957 1.463 1.105 5.000 0.593 0.581 0.588 0.726 0.634 1.146 1.122 1.103 1.136 0 0 1 0
1.701 1.690 1.689 1.703 1.610 4.440 5.000 5.000 5.000 5.000 1.808 1.938 1.446 1.089 5.000 0.587 0.576 0.582 0.611 0.632 1.156 1.138 1.119 1.141 0 0 1 0
1.415 1.704 1.704 1.720 2.367 4.430 5.000 5.000 5.000 5.000 1.792 1.815 1.430 1.074 5.000 0.582 0.567 0.576 0.694 0.623 1.165 1.153 1.135 1.217 0 0 1 0
1.203 1.721 1.717 1.734 3.133 5.000 5.000 5.000 5.000 5.000 1.774 1.799 1.411 1.058 5.000 0.576 0.561 0.570 0.603 0.617 1.186 1.172 1.150 1.168 0 0 1 0
1.448 1.735 1.732 1.758 2.369 4.422 5.000 5.000 5.000 5.000 1.758 1.782 1.401 1.043 5.000 0.571 0.555 0.564 0.600 0.614 1.209 1.388 1.166 1.184 0 0 1 0
1.280 1.747 1.747 1.768 3.141 4.415 5.000 3.951 5.000 5.000 1.742 1.858 1.380 1.026 5.000 0.566 0.549 0.562 0.661 0.605 1.285 1.208 1.183 1.201 0 0 1 0
1.279 1.763 1.763 1.780 3.158 4.404 5.000 3.997 5.000 5.000 1.725 1.746 1.024 1.009 5.000 0.556 0.543 0.555 0.581 0.602 1.035 1.411 1.200 1.222 0 0 1 0
1.413 1.271 1.780 5.000 2.400 4.393 4.596 3.937 5.000 5.000 1.707 1.767 1.004 0.989 4.599 0.551 0.537 0.549 0.572 0.595 1.035 1.240 1.218 1.250 0 0 1 0
1.541 1.530 1.540 1.558 1.593 5.000 1.428 3.198 4.465 3.779 5.000 2.107 1.439 1.431 1.421 1.043 0.729 0.527 0.506 0.497 0.505 1.617 0.828 1.259 0 0 1 0
1.551 1.539 1.549 1.571 1.602 1.551 1.426 3.195 5.000 3.772 5.000 2.097 1.432 1.421 1.437 1.037 0.725 0.530 0.510 0.500 0.508 5.000 0.840 1.269 0 0 1 0
1.558 1.549 1.559 1.581 2.026 1.506 3.251 3.189 5.000 3.761 5.000 2.087 1.425 1.414 1.423 1.031 0.728 0.537 0.510 0.504 0.511 5.000 0.849 1.279 0 0 1 0
1.565 1.559 1.568 1.594 1.618 1.540 1.429 3.186 4.809 3.756 5.000 2.076 1.416 1.404 1.414 1.025 0.725 0.568 0.514 0.507 0.514 5.000 1.610 1.289 0 0 1 0
1.575 1.569 1.578 2.047 1.627 1.425 1.421 3.182 5.000 3.744 5.000 2.065 1.411 1.393 1.406 1.019 0.725 0.545 0.521 0.511 0.519 5.000 1.620 1.297 0 0 1 0
1.330 1.581 1.590 1.609 1.637 1.420 1.423 3.178 5.000 3.735 5.000 2.053 5.000 1.381 1.394 1.015 0.721 0.631 0.522 0.515 0.522 0.673 1.629 1.312 0 0 1 0
1.343 1.593 1.603 1.632 1.652 1.472 3.247 3.171 5.000 3.724 5.000 2.042 5.000 1.368 1.380 1.007 0.721 0.567 0.527 0.520 0.527 0.636 1.646 1.326 0 0 1 0
1.357 1.608 1.617 1.645 2.049 1.579 3.245 3.166 3.189 3.712 5.000 2.024 5.000 1.353 1.365 0.999 1.409 0.563 0.536 0.526 0.533 0.709 0.903 1.340 0 0 1 0
1.373 1.623 1.632 1.660 1.677 1.581 3.252 3.160 3.184 3.700 5.000 2.005 5.000 1.309 1.349 0.994 0.991 0.566 0.542 0.531 0.538 0.654 1.676 1.291 0 0 1 0
1.734 1.758 1.783 5.000 1.982 1.966 1.984 2.453 2.014 2.239 2.006 1.960 1.971 1.993 5.000 1.663 5.000 1.434 5.000 1.841 0.606 1.766 1.731 1.725 0 0 0 1
1.748 1.771 1.796 5.000 5.000 1.970 1.988 2.028 2.078 2.229 1.978 1.945 1.956 1.981 5.000 5.000 5.000 1.426 5.000 1.846 0.613 1.808 1.745 1.739 0 0 0 1
1.761 1.782 1.809 5.000 5.000 1.974 1.992 2.441 1.998 2.219 1.942 1.930 1.943 1.967 2.515 1.449 5.000 1.422 5.000 1.861 0.628 0.905 1.759 1.754 0 0 0 1
1.777 1.799 1.824 3.212 2.014 1.978 2.005 2.004 2.059 2.203 1.926 1.914 2.019 1.944 1.971 1.444 1.422 1.415 1.898 5.000 0.591 0.894 1.778 1.769 0 0 0 1
1.793 1.816 1.840 3.209 2.017 1.981 2.015 2.028 2.035 2.191 1.907 1.897 2.003 1.925 1.957 1.438 1.418 1.413 5.000 1.905 0.604 0.910 1.795 1.785 0 0 0 1
1.809 1.832 1.856 2.860 2.027 1.984 2.014 2.027 1.935 2.178 1.890 1.881 1.894 1.912 2.046 1.679 1.414 1.407 5.000 1.908 0.596 0.901 1.815 1.802 0 0 0 1
1.826 1.849 1.874 5.000 2.023 1.987 2.004 2.014 1.922 2.165 1.874 1.865 1.875 1.893 2.033 1.440 1.415 1.406 5.000 1.924 0.582 0.914 1.828 1.819 0 0 0 1
1.844 1.867 1.891 2.883 2.011 1.989 2.007 1.941 1.893 2.149 1.860 1.848 1.858 1.877 2.023 1.594 1.415 1.404 1.421 5.000 0.573 0.854 1.845 1.836 0 0 0 1
1.861 1.884 1.909 5.000 2.007 1.992 2.007 1.924 2.017 2.136 1.843 1.831 1.842 1.863 2.013 1.582 1.414 1.402 1.416 5.000 0.576 0.870 1.862 1.853 0 0 0 1
1.881 1.905 1.927 5.000 2.000 1.995 2.009 2.009 2.011 2.126 1.848 1.815 1.825 1.844 1.878 1.632 1.411 1.403 1.414 1.986 0.587 0.969 1.878 1.870 0 0 0 1
1.898 1.926 1.945 5.000 2.015 1.998 2.013 1.999 2.009 2.111 1.830 1.798 1.808 1.828 1.987 1.619 1.413 1.398 1.412 1.438 0.580 0.986 1.892 1.887 0 0 0 1
1.916 4.514 1.963 2.030 2.009 2.001 2.019 1.992 2.106 2.102 1.820 1.781 1.792 1.811 2.348 5.000 1.416 1.396 1.414 1.434 0.587 1.934 1.908 1.907 0 0 0 1
1.933 2.893 1.984 2.019 2.008 2.004 2.033 1.979 2.090 1.941 1.775 1.764 1.776 1.799 2.334 1.590 1.435 1.397 1.412 1.433 0.598 1.947 1.925 1.924 0 0 0 1
1.951 2.893 2.005 2.025 2.011 2.011 2.030 1.964 2.077 1.782 1.753 1.748 1.764 1.787 2.323 1.578 1.405 1.395 1.411 5.000 0.609 1.958 1.938 1.938 0 0 0 1
1.968 2.907 2.024 2.026 2.010 2.013 2.031 1.954 2.064 1.758 1.736 1.732 1.748 2.296 5.000 1.606 1.396 1.393 1.413 5.000 0.619 1.976 1.953 1.957 0 0 0 1
1.991 2.035 2.038 2.027 2.012 2.020 2.042 1.790 2.050 1.738 1.718 1.718 1.735 2.282 1.647 1.557 1.393 1.394 1.419 2.040 0.630 1.983 1.968 1.972 0 0 0 1
2.020 2.048 2.934 2.026 2.014 2.030 5.000 1.767 2.039 1.720 1.704 1.707 1.726 2.270 1.631 1.414 1.387 1.406 5.000 2.051 0.731 1.996 1.981 1.990 0 0 0 1
2.022 2.085 2.057 2.027 2.017 2.042 5.000 1.744 2.029 1.704 1.689 1.697 2.014 2.258 1.628 1.399 1.384 1.405 2.759 2.059 0.709 2.006 1.994 2.010 0 0 0 1
2.035 2.939 2.057 2.028 2.019 2.028 2.062 1.731 1.710 1.686 1.675 1.683 1.997 2.246 1.612 1.392 1.381 1.390 2.751 2.073 0.748 1.485 2.008 2.030 0 0 0 1
2.050 2.077 5.000 2.030 2.022 2.031 2.057 1.715 1.691 1.671 1.661 1.670 1.984 2.235 1.596 1.389 1.378 1.388 1.414 2.080 0.761 1.494 2.021 2.034 0 0 0 1
2.065 2.098 5.000 2.052 2.025 2.039 2.059 1.698 1.848 1.657 1.648 1.658 1.969 2.227 1.557 1.388 1.376 1.387 1.416 5.000 0.828 2.049 2.034 2.045 0 0 0 1
2.084 2.115 2.258 2.033 2.029 2.042 1.912 1.995 1.806 1.696 1.635 1.646 1.670 2.214 1.559 1.403 1.373 1.386 1.413 1.437 0.903 2.055 2.047 2.062 0 0 0 1
2.133 2.993 2.057 2.037 2.037 2.047 1.900 1.983 1.815 1.641 1.623 1.635 1.951 2.203 1.581 1.413 1.371 1.387 5.000 2.122 0.916 2.064 2.064 2.083 0 0 0 1
2.109 2.092 2.076 2.083 2.427 1.775 1.579 1.547 1.537 1.532 1.554 1.425 1.757 1.505 1.332 1.333 5.000 5.000 5.000 2.171 2.151 2.155 2.166 3.087 0 0 0 1
2.115 2.095 2.083 2.097 2.161 1.777 1.929 1.537 1.521 1.521 1.570 2.087 1.374 1.448 1.323 1.332 1.374 5.000 2.202 2.177 2.162 2.171 2.180 2.150 0 0 0 1
2.121 2.104 2.094 2.140 2.274 1.935 1.554 1.519 1.508 1.512 1.559 2.071 1.350 1.327 1.312 1.330 5.000 5.000 2.208 2.185 2.174 2.183 2.181 2.161 0 0 0 1
2.131 2.119 2.106 2.119 1.900 1.936 1.740 1.505 1.494 1.503 1.800 2.054 1.333 1.310 1.300 1.330 5.000 5.000 2.219 2.197 2.186 2.249 2.627 3.131 0 0 0 1
2.145 5.000 2.119 2.129 1.892 1.924 1.519 1.487 1.481 1.499 1.779 2.039 1.322 1.312 1.284 1.297 2.650 5.000 2.253 2.208 2.199 2.210 2.647 3.149 0 0 0 1
2.341 5.000 2.133 2.151 1.882 1.924 1.711 1.476 1.467 1.480 1.761 2.021 1.306 1.343 1.274 1.285 5.000 2.284 2.762 2.224 2.212 2.224 2.247 2.274 0 0 0 1
2.451 2.159 2.151 2.190 1.886 1.926 1.482 1.484 1.458 1.469 1.747 2.005 1.409 1.280 1.261 1.273 5.000 5.000 2.752 2.233 2.226 2.241 2.264 3.191 0 0 0 1
2.180 2.166 2.166 2.183 1.785 1.715 1.472 1.448 1.447 1.466 1.734 1.637 1.338 1.258 1.251 1.267 5.000 2.287 2.276 2.241 2.241 2.258 2.307 3.219 0 0 0 1
2.195 2.179 2.184 2.116 1.917 1.709 1.709 1.435 1.439 1.457 1.719 1.613 1.334 1.244 1.242 2.599 5.000 2.297 2.275 2.252 2.253 2.281 2.322 2.351 0 0 0 1
2.144 2.338 2.327 2.342 5.000 3.869 3.884 4.184 2.394 3.074 1.973 3.869 1.437 5.000 1.070 0.653 1.048 0.904 1.058 0.904 0.890 0.904 5.000 5.000 0 0 0 1
1.978 2.356 2.348 2.363 5.000 1.967 5.000 4.196 2.379 2.795 1.950 3.862 1.420 5.000 1.052 0.645 1.045 0.904 1.067 0.921 0.902 0.916 1.279 1.554 0 0 0 1
1.998 2.373 2.365 2.378 5.000 3.854 4.208 4.198 2.372 2.781 1.938 3.829 1.185 5.000 1.036 0.634 1.044 0.908 1.085 0.910 0.914 0.932 5.000 1.574 0 0 0 1
2.020 2.385 2.380 2.399 5.000 3.845 4.206 2.768 2.350 2.778 1.915 3.818 5.000 5.000 1.018 0.626 1.042 0.908 0.908 0.918 0.926 0.944 5.000 1.602 0 0 0 1
2.228 2.402 2.402 2.417 5.000 3.809 4.210 2.753 2.347 2.989 1.891 3.846 1.133 5.000 1.001 1.013 1.039 1.029 0.906 0.926 0.939 0.961 5.000 1.627 0 0 0 1
2.249 2.420 2.419 2.436 5.000 3.796 4.215 2.783 3.437 2.968 1.867 5.000 1.106 1.013 0.983 0.996 1.037 1.026 0.910 0.938 0.952 4.216 5.000 1.631 0 0 0 1
2.272 2.437 2.437 2.457 5.000 3.793 4.217 2.735 2.725 2.737 1.845 3.791 1.092 0.979 0.967 0.983 1.039 1.025 1.043 0.946 0.964 0.989 1.302 1.661 0 0 0 1
2.295 2.451 2.453 2.477 5.000 3.777 4.223 2.711 2.711 2.727 1.827 5.000 1.009 0.959 0.954 0.967 1.038 1.003 1.038 0.988 0.975 4.223 5.000 5.000 0 0 0 1
2.315 2.470 2.470 2.498 5.000 3.762 4.233 2.276 2.701 2.714 1.812 3.770 0.988 0.939 0.938 0.952 1.042 0.995 0.911 0.992 0.986 4.233 1.391 1.782 0 0 0 1
2.331 2.486 2.487 5.000 5.000 3.757 4.242 2.154 2.693 2.707 1.794 5.000 0.979 0.923 0.922 0.939 1.041 0.941 0.909 1.052 1.000 4.238 5.000 1.815 0 0 0 1
1.635 1.661 1.690 2.030 2.004 1.993 2.003 2.326 2.108 2.139 2.065 2.051 2.059 2.338 2.156 1.713 5.000 1.407 5.000 1.755 0.484 0.732 1.640 1.630 0 0 0 1
1.647 1.679 1.704 1.735 2.007 1.996 2.001 2.319 2.104 2.125 2.054 2.040 2.047 2.327 2.162 1.718 1.582 1.401 5.000 1.768 0.515 0.726 1.653 1.642 0 0 0 1
1.662 1.697 1.712 1.746 2.010 1.998 2.003 2.035 2.088 2.114 2.043 2.028 2.032 2.067 2.146 1.747 1.576 1.399 3.545 3.127 0.471 0.735 1.666 1.654 0 0 0 1
1.675 1.710 1.721 1.752 2.011 2.000 2.005 2.032 2.085 2.105 2.031 2.015 2.019 2.037 2.136 1.742 1.569 1.400 4.143 3.138 0.467 0.664 1.679 1.667 0 0 0 1
1.688 1.726 1.737 1.768 2.013 2.001 2.007 2.032 2.100 2.096 2.021 2.002 2.006 2.024 2.122 1.700 5.000 1.399 5.000 1.820 0.475 0.714 1.692 1.680 0 0 0 1
1.702 1.743 1.823 1.782 2.013 2.002 2.007 2.036 2.044 2.501 2.006 1.988 1.992 2.010 2.109 1.693 5.000 1.395 5.000 1.829 0.490 0.726 1.195 1.694 0 0 0 1
1.713 1.805 1.834 1.794 2.013 2.002 2.008 2.290 2.039 2.488 1.991 1.973 1.978 2.262 2.098 1.718 1.535 1.391 4.154 1.842 0.506 0.740 1.719 1.708 0 0 0 1
1.731 1.819 2.733 1.809 2.011 2.003 2.008 2.288 2.119 2.483 1.973 1.958 1.966 2.249 2.085 1.707 1.524 1.391 1.865 1.856 0.496 0.721 1.734 1.722 0 0 0 1 

